6d 1 [1 1.000][2.634 314.428 960.393 178.1368 58.0655 112.5614][-0.202944 -0.933567 -0.295408 -0.488469 0.357990 -0.795765 0.848653 -0.017198 -0.528670]
6d 1 [1 1.000][-0.246 314.039 960.394 178.2782 57.9093 112.6511][-0.204599 -0.932254 -0.298399 -0.490284 0.361452 -0.793079 0.847208 -0.015962 -0.531022]
6d 1 [1 1.000][-3.165 313.641 960.441 177.7987 57.7723 113.2844][-0.210805 -0.930720 -0.298866 -0.489851 0.365157 -0.791648 0.845936 -0.020483 -0.532891]
6d 1 [1 1.000][-6.086 313.255 960.442 177.6879 57.9316 113.5476][-0.212113 -0.929640 -0.301293 -0.486720 0.367846 -0.792334 0.847415 -0.021419 -0.530499]
6d 1 [1 1.000][-8.779 312.727 960.512 177.1333 57.5693 114.2419][-0.220191 -0.928011 -0.300519 -0.488991 0.371586 -0.789184 0.844040 -0.026820 -0.535609]
6d 1 [1 1.000][-11.503 312.209 960.603 176.5584 57.3338 114.9094][-0.227332 -0.926624 -0.299479 -0.489535 0.374590 -0.787425 0.841829 -0.032401 -0.538771]
6d 1 [1 1.000][-14.253 311.727 960.738 176.0082 57.3095 115.5225][-0.232711 -0.925470 -0.298916 -0.487396 0.376950 -0.787625 0.841600 -0.037599 -0.538791]
6d 1 [1 1.000][-16.959 311.221 960.982 175.2732 57.2398 116.2580][-0.239401 -0.924419 -0.296879 -0.485286 0.378763 -0.788059 0.840943 -0.044591 -0.539283]
6d 1 [1 1.000][-19.588 310.689 961.216 174.4061 56.9143 117.1746][-0.249312 -0.922682 -0.294112 -0.485636 0.381872 -0.786340 0.837855 -0.053212 -0.543293]
6d 1 [1 1.000][-22.207 310.200 961.505 173.6369 56.6105 117.9132][-0.257627 -0.921533 -0.290525 -0.486301 0.383479 -0.785146 0.834949 -0.060992 -0.546937]
6d 1 [1 1.000][-24.850 309.766 961.852 172.8931 56.5689 118.6502][-0.264151 -0.920326 -0.288486 -0.483480 0.385168 -0.786062 0.834549 -0.068162 -0.546702]
6d 1 [1 1.000][-27.429 309.338 962.211 172.0592 56.4587 119.4527][-0.271685 -0.919030 -0.285605 -0.481129 0.386725 -0.786739 0.833488 -0.076333 -0.547240]
6d 1 [1 1.000][-29.872 308.937 962.561 171.6195 56.2044 119.9808][-0.277955 -0.917468 -0.284595 -0.481803 0.389462 -0.784974 0.831028 -0.081068 -0.550292]
6d 1 [1 1.000][-32.374 308.611 963.001 171.0455 56.2603 120.5982][-0.282717 -0.916151 -0.284145 -0.478083 0.391399 -0.786285 0.831569 -0.086452 -0.548652]
6d 1 [1 1.000][-34.868 308.309 963.423 170.4522 56.1966 121.2488][-0.288607 -0.914580 -0.283283 -0.475632 0.393735 -0.786604 0.830951 -0.092281 -0.548638]
6d 1 [1 1.000][-37.272 308.025 963.806 170.1629 56.0642 121.6614][-0.293032 -0.913053 -0.283667 -0.475175 0.396532 -0.785475 0.829663 -0.095378 -0.550056]
6d 1 [1 1.000][-39.707 307.782 964.161 169.7301 55.9853 122.2148][-0.298216 -0.911282 -0.283960 -0.473288 0.399523 -0.785098 0.828894 -0.099734 -0.550443]
6d 1 [1 1.000][-42.091 307.570 964.587 169.3896 55.9537 122.7013][-0.302470 -0.909537 -0.285052 -0.471123 0.402636 -0.784810 0.828586 -0.103087 -0.550290]
6d 1 [1 1.000][-44.442 307.346 964.955 169.1184 55.8604 123.1630][-0.306995 -0.907537 -0.286584 -0.469799 0.406389 -0.783669 0.827673 -0.105946 -0.551120]
6d 1 [1 1.000][-46.799 307.127 965.284 168.5808 55.6561 123.8747][-0.314450 -0.904938 -0.286720 -0.468397 0.410623 -0.782300 0.825667 -0.111695 -0.552991]
6d 1 [1 1.000][-49.156 306.952 965.566 168.1892 55.4112 124.3890][-0.320632 -0.902923 -0.286226 -0.468465 0.413799 -0.780584 0.823247 -0.116194 -0.555665]
6d 1 [1 1.000][-51.546 306.749 965.822 167.7615 55.1400 124.9301][-0.327270 -0.900814 -0.285357 -0.468605 0.416958 -0.778817 0.820551 -0.121163 -0.558583]
6d 1 [1 1.000][-53.921 306.568 966.020 167.3687 54.8690 125.4072][-0.333405 -0.898946 -0.284141 -0.469021 0.419595 -0.777148 0.817839 -0.125837 -0.561520]
6d 1 [1 1.000][-56.284 306.383 966.213 166.9060 54.6999 125.9590][-0.339322 -0.896964 -0.283402 -0.467741 0.422277 -0.776467 0.816137 -0.130914 -0.562835]
6d 1 [1 1.000][-58.605 306.216 966.436 166.2509 54.4156 126.6669][-0.347489 -0.894561 -0.281090 -0.466756 0.425010 -0.775568 0.813259 -0.138301 -0.565228]
6d 1 [1 1.000][-60.988 306.022 966.679 165.7303 54.1159 127.2771][-0.355012 -0.892119 -0.279444 -0.466406 0.428076 -0.774090 0.810204 -0.144477 -0.568063]
6d 1 [1 1.000][-63.321 305.850 966.878 165.3707 53.7242 127.7590][-0.362306 -0.889642 -0.277977 -0.467772 0.431516 -0.771352 0.806179 -0.149435 -0.572490]
6d 1 [1 1.000][-65.259 305.935 966.959 164.9906 52.8171 128.3198][-0.374734 -0.885731 -0.273962 -0.474160 0.437017 -0.764322 0.796710 -0.156516 -0.583743]
6d 1 [1 1.000][-67.258 306.082 967.106 164.9186 51.7534 128.6954][-0.387017 -0.881349 -0.271002 -0.483154 0.444162 -0.754507 0.785353 -0.161071 -0.597726]
6d 1 [1 1.000][-69.270 306.345 967.217 165.1719 50.8666 128.8733][-0.396097 -0.877195 -0.271361 -0.491356 0.452151 -0.744398 0.775678 -0.161519 -0.610111]
6d 1 [1 1.000][-71.258 306.783 967.430 165.8723 50.1023 128.7347][-0.401346 -0.873629 -0.275126 -0.500339 0.460719 -0.733075 0.767191 -0.156560 -0.622018]
6d 1 [1 1.000][-73.135 307.313 967.658 166.8840 49.0968 128.3250][-0.406045 -0.870399 -0.278448 -0.513681 0.469391 -0.718195 0.755817 -0.148586 -0.637702]
6d 1 [1 1.000][-74.989 308.040 967.896 168.1465 48.4478 127.5623][-0.404364 -0.869498 -0.283658 -0.525794 0.474772 -0.705785 0.748352 -0.136248 -0.649158]
6d 1 [1 1.000][-77.142 308.532 968.164 169.1975 48.8572 126.9889][-0.395855 -0.869518 -0.295360 -0.525529 0.478260 -0.703624 0.753072 -0.123313 -0.646278]
6d 1 [1 1.000][-79.107 309.028 968.386 170.3778 48.9037 126.3290][-0.389414 -0.868919 -0.305509 -0.529561 0.482604 -0.697609 0.753606 -0.109872 -0.648079]
6d 1 [1 1.000][-81.078 309.509 968.561 171.4821 48.8242 125.6769][-0.383971 -0.868379 -0.313820 -0.534807 0.486218 -0.691067 0.752694 -0.097517 -0.651109]
6d 1 [1 1.000][-83.070 309.980 968.704 172.2875 48.6413 125.2493][-0.381354 -0.867396 -0.319676 -0.539618 0.489653 -0.684874 0.750588 -0.088677 -0.654794]
6d 1 [1 1.000][-84.912 310.370 968.741 173.0716 48.1896 124.8150][-0.380619 -0.866338 -0.323400 -0.547334 0.492942 -0.676338 0.745355 -0.080419 -0.661800]
6d 1 [1 1.000][-86.608 310.635 968.652 173.8671 47.5487 124.2367][-0.379743 -0.866339 -0.324426 -0.558006 0.494224 -0.666612 0.737851 -0.072109 -0.671101]
6d 1 [1 1.000][-88.429 310.862 968.592 174.2913 47.2854 123.7949][-0.377311 -0.867564 -0.323989 -0.563729 0.492727 -0.662895 0.734742 -0.067475 -0.674982]
6d 1 [1 1.000][-90.219 311.010 968.564 174.3978 47.3723 123.6369][-0.375137 -0.868375 -0.324340 -0.563839 0.491481 -0.663725 0.735770 -0.066112 -0.673997]
6d 1 [1 1.000][-92.045 311.107 968.459 174.1664 47.4483 123.6735][-0.374956 -0.869416 -0.321751 -0.562787 0.489276 -0.666243 0.736668 -0.068735 -0.672753]
6d 1 [1 1.000][-93.765 311.174 968.339 173.8866 47.3484 123.7317][-0.376241 -0.870413 -0.317529 -0.563473 0.487007 -0.667325 0.735487 -0.072156 -0.673686]
6d 1 [1 1.000][-95.457 311.272 968.222 173.8094 47.0899 123.6638][-0.377408 -0.871232 -0.313875 -0.566674 0.485349 -0.665820 0.732423 -0.073421 -0.676879]
6d 1 [1 1.000][-97.138 311.361 968.083 173.5327 46.7802 123.7506][-0.380460 -0.871776 -0.308638 -0.569386 0.483795 -0.664637 0.728732 -0.077134 -0.680441]
6d 1 [1 1.000][-98.879 311.568 968.043 173.5569 46.2752 123.6394][-0.382898 -0.872206 -0.304379 -0.575448 0.482950 -0.660014 0.722668 -0.077563 -0.686830]
6d 1 [1 1.000][-100.720 312.001 967.980 173.6243 46.1708 123.3026][-0.380230 -0.874599 -0.300835 -0.578789 0.478710 -0.660182 0.721407 -0.076901 -0.688228]
6d 1 [1 1.000][-102.521 312.561 967.961 173.9833 46.3748 122.7446][-0.373184 -0.877497 -0.301219 -0.580300 0.474099 -0.662181 0.723869 -0.072318 -0.686137]
6d 1 [1 1.000][-104.346 313.201 967.918 174.7354 46.5901 121.9272][-0.363427 -0.880391 -0.304684 -0.583252 0.470038 -0.662481 0.726456 -0.063056 -0.684314]
6d 1 [1 1.000][-105.986 313.833 967.833 175.6037 46.5813 121.1870][-0.355919 -0.881797 -0.309444 -0.587994 0.468677 -0.659246 0.726351 -0.052687 -0.685302]
6d 1 [1 1.000][-107.567 314.565 967.735 176.5827 46.5410 120.4323][-0.348402 -0.882611 -0.315617 -0.593071 0.468313 -0.654942 0.725867 -0.041000 -0.686612]
6d 1 [1 1.000][-109.109 315.402 967.612 177.7085 46.5934 119.5336][-0.338730 -0.883689 -0.323041 -0.597885 0.467267 -0.651303 0.726496 -0.027475 -0.686622]
6d 1 [1 1.000][-110.597 316.240 967.569 178.7414 46.7886 118.8577][-0.330457 -0.883336 -0.332438 -0.599668 0.468498 -0.648774 0.728832 -0.015039 -0.684527]
6d 1 [1 1.000][-112.050 317.102 967.508 179.7228 47.0262 118.2199][-0.322329 -0.882803 -0.341705 -0.600641 0.469731 -0.646980 0.731665 -0.003298 -0.681656]
6d 1 [1 1.000][-113.488 317.961 967.418 -179.1850 47.2111 117.5093][-0.313763 -0.882025 -0.351546 -0.602494 0.471103 -0.644253 0.733862 0.009662 -0.679230]
6d 1 [1 1.000][-114.891 318.815 967.291 -178.0813 47.4046 116.9012][-0.306228 -0.880136 -0.362746 -0.603577 0.474180 -0.640975 0.736152 0.022661 -0.676437]
6d 1 [1 1.000][-116.257 319.629 967.208 -177.1447 47.4562 116.3682][-0.300306 -0.878546 -0.371449 -0.605806 0.476470 -0.637163 0.736760 0.033682 -0.675314]
6d 1 [1 1.000][-117.524 320.440 967.103 -176.3682 47.4549 115.9486][-0.295868 -0.876961 -0.378685 -0.608003 0.478650 -0.633425 0.736746 0.042832 -0.674812]
6d 1 [1 1.000][-118.740 321.255 967.010 -175.6706 47.4133 115.5752][-0.292130 -0.875452 -0.385024 -0.610401 0.480597 -0.629632 0.736255 0.051085 -0.674774]
6d 1 [1 1.000][-119.925 322.044 966.890 -175.1668 47.3886 115.3527][-0.289894 -0.873925 -0.390150 -0.611818 0.482703 -0.626639 0.735962 0.057043 -0.674616]
6d 1 [1 1.000][-121.120 322.807 966.786 -174.8659 47.4383 115.2494][-0.288518 -0.872715 -0.393859 -0.611762 0.484463 -0.625334 0.736549 0.060528 -0.673671]
6d 1 [1 1.000][-122.350 323.568 966.675 -174.6979 47.5325 115.1906][-0.287374 -0.872012 -0.396246 -0.610961 0.485491 -0.625320 0.737660 0.062390 -0.672283]
6d 1 [1 1.000][-123.615 324.346 966.549 -174.5878 47.7102 115.0804][-0.285227 -0.872100 -0.397602 -0.609438 0.485194 -0.627034 0.739751 0.063467 -0.669881]
6d 1 [1 1.000][-124.872 325.130 966.413 -174.5163 47.9305 114.9702][-0.282851 -0.872432 -0.398569 -0.607402 0.484523 -0.629524 0.742333 0.064030 -0.666965]
6d 1 [1 1.000][-126.090 325.886 966.240 -174.4676 48.0602 114.8891][-0.281284 -0.872717 -0.399054 -0.606276 0.483956 -0.631044 0.743847 0.064434 -0.665236]
6d 1 [1 1.000][-127.315 326.648 966.076 -174.3247 48.1142 114.7552][-0.279573 -0.872825 -0.400020 -0.606294 0.483547 -0.631340 0.744477 0.066025 -0.664375]
6d 1 [1 1.000][-128.444 327.455 965.915 -174.3365 48.1260 114.7259][-0.279199 -0.873149 -0.399574 -0.606298 0.482983 -0.631768 0.744615 0.065872 -0.664236]
6d 1 [1 1.000][-129.128 328.376 965.731 -174.9628 48.1946 115.1117][-0.282895 -0.874209 -0.394624 -0.603597 0.482008 -0.635090 0.745413 0.058530 -0.664028]
6d 1 [1 1.000][-129.820 329.302 965.608 -175.6525 48.3416 115.5574][-0.286757 -0.875124 -0.389780 -0.599651 0.481268 -0.639374 0.747120 0.050387 -0.662776]
6d 1 [1 1.000][-130.500 330.283 965.568 -176.4366 48.5267 116.1185][-0.291551 -0.875648 -0.385017 -0.594643 0.481192 -0.644091 0.749264 0.041162 -0.660991]
6d 1 [1 1.000][-131.144 331.319 965.634 -177.3130 48.8700 116.7409][-0.295968 -0.876180 -0.380409 -0.587422 0.480996 -0.650829 0.753219 0.030836 -0.657047]
6d 1 [1 1.000][-131.726 332.302 965.699 -178.2922 49.2133 117.5406][-0.302045 -0.875856 -0.376358 -0.579221 0.482180 -0.657271 0.757147 0.019469 -0.652955]
6d 1 [1 1.000][-132.145 333.296 965.743 -179.2089 49.3527 118.3853][-0.309675 -0.874707 -0.372814 -0.573083 0.484569 -0.660884 0.758734 0.008994 -0.651339]
6d 1 [1 1.000][-133.076 334.222 965.677 -179.2079 49.2309 118.5268][-0.311858 -0.873510 -0.373798 -0.573733 0.486723 -0.658735 0.757348 0.009028 -0.652950]
6d 1 [1 1.000][-133.934 335.102 965.583 -179.3975 49.2693 118.7615][-0.313962 -0.872748 -0.373816 -0.572006 0.488123 -0.659201 0.757784 0.006861 -0.652469]
6d 1 [1 1.000][-134.868 335.911 965.441 -179.7699 49.1148 119.1467][-0.318794 -0.871890 -0.371723 -0.571664 0.489695 -0.658330 0.756023 0.002629 -0.654540]
6d 1 [1 1.000][-135.789 336.717 965.313 179.5069 49.0627 119.8709][-0.326337 -0.870356 -0.368762 -0.568185 0.492391 -0.659331 0.755427 -0.005639 -0.655208]
6d 1 [1 1.000][-136.790 337.585 965.247 178.6488 48.9777 120.5963][-0.334074 -0.869591 -0.363602 -0.564972 0.493530 -0.661237 0.754454 -0.015477 -0.656170]
6d 1 [1 1.000][-137.841 338.464 965.153 178.0145 48.8816 121.0341][-0.339033 -0.869803 -0.358468 -0.563486 0.492873 -0.662993 0.753352 -0.022785 -0.657222]
6d 1 [1 1.000][-138.879 339.376 965.022 177.5287 48.9167 121.3201][-0.341602 -0.870377 -0.354615 -0.561393 0.491570 -0.665730 0.753754 -0.028336 -0.656545]
6d 1 [1 1.000][-139.881 340.327 964.829 176.8152 49.0187 121.9003][-0.346560 -0.869821 -0.351151 -0.556765 0.492020 -0.669275 0.754923 -0.036435 -0.654800]
6d 1 [1 1.000][-140.898 341.357 964.607 176.4050 49.1106 122.1998][-0.348819 -0.869790 -0.348986 -0.553920 0.491712 -0.671857 0.755975 -0.041046 -0.653313]
6d 1 [1 1.000][-141.894 342.449 964.465 175.9588 49.2749 122.5716][-0.351238 -0.869376 -0.347586 -0.549816 0.492007 -0.675005 0.757848 -0.045979 -0.650808]
6d 1 [1 1.000][-142.869 343.581 964.296 175.5065 49.3133 123.0304][-0.355352 -0.868187 -0.346375 -0.546560 0.493601 -0.676484 0.758286 -0.051075 -0.649918]
6d 1 [1 1.000][-143.875 344.792 964.052 175.1591 49.2611 123.2301][-0.357633 -0.868533 -0.343146 -0.545896 0.492562 -0.677776 0.757691 -0.055074 -0.650285]
6d 1 [1 1.000][-144.897 346.025 963.772 175.1102 49.0929 123.3493][-0.359990 -0.867710 -0.342763 -0.547006 0.493927 -0.675885 0.755772 -0.055818 -0.652451]
6d 1 [1 1.000][-145.871 347.364 963.435 174.7570 48.8001 123.5314][-0.363855 -0.868076 -0.337718 -0.549072 0.492769 -0.675055 0.752416 -0.060191 -0.655932]
6d 1 [1 1.000][-146.859 348.740 963.030 174.9122 48.5048 123.3971][-0.364697 -0.868149 -0.336621 -0.553153 0.492813 -0.671682 0.749011 -0.058757 -0.659947]
6d 1 [1 1.000][-147.809 350.155 962.617 174.8738 48.1569 123.5541][-0.368719 -0.866822 -0.335657 -0.555932 0.495042 -0.667738 0.744974 -0.059605 -0.664425]
6d 1 [1 1.000][-148.729 351.603 962.178 174.8557 47.8161 123.5870][-0.371482 -0.866447 -0.333573 -0.559401 0.495626 -0.664398 0.740993 -0.060211 -0.668808]
6d 1 [1 1.000][-149.752 353.113 961.859 174.6965 47.5780 123.6973][-0.374263 -0.866274 -0.330901 -0.561242 0.495662 -0.662818 0.738197 -0.062353 -0.671698]
6d 1 [1 1.000][-150.807 354.670 961.484 174.3478 47.6345 123.8738][-0.375585 -0.866790 -0.328040 -0.559482 0.494236 -0.665364 0.738861 -0.066368 -0.670582]
6d 1 [1 1.000][-151.933 356.236 960.998 173.9141 47.6097 124.1003][-0.377972 -0.867291 -0.323950 -0.558257 0.492644 -0.667571 0.738570 -0.071476 -0.670377]
6d 1 [1 1.000][-153.001 357.773 960.513 173.5399 47.6453 124.3508][-0.380151 -0.867271 -0.321444 -0.556220 0.492032 -0.669719 0.738988 -0.075800 -0.669440]
6d 1 [1 1.000][-154.206 359.333 960.064 173.2303 48.0909 124.5249][-0.378571 -0.867856 -0.321731 -0.550311 0.490537 -0.675671 0.744206 -0.078738 -0.663293]
6d 1 [1 1.000][-155.284 360.775 959.492 172.9810 48.2043 124.6995][-0.379406 -0.867850 -0.320761 -0.547943 0.490106 -0.677905 0.745526 -0.081443 -0.661481]
6d 1 [1 1.000][-156.326 362.174 958.713 172.6960 48.0788 124.8320][-0.381605 -0.868200 -0.317185 -0.548403 0.488891 -0.678410 0.744065 -0.084939 -0.662686]
6d 1 [1 1.000][-157.413 363.530 957.902 172.3301 47.8538 125.0529][-0.385391 -0.868132 -0.312764 -0.549315 0.488187 -0.678179 0.741436 -0.089558 -0.665021]
6d 1 [1 1.000][-158.488 364.763 957.096 171.7727 47.5151 125.5847][-0.393017 -0.866295 -0.308335 -0.549270 0.490094 -0.676838 0.737455 -0.096649 -0.668445]
6d 1 [1 1.000][-159.674 365.961 956.220 171.1221 47.1789 126.1339][-0.400808 -0.864715 -0.302690 -0.548963 0.491187 -0.676295 0.733480 -0.104899 -0.671568]
6d 1 [1 1.000][-160.952 367.065 955.296 170.1124 46.6095 126.8213][-0.411713 -0.863404 -0.291591 -0.549923 0.490529 -0.675993 0.726689 -0.117963 -0.676763]
6d 1 [1 1.000][-162.287 368.145 954.468 168.9585 46.0575 127.5474][-0.422897 -0.862212 -0.278833 -0.550187 0.488801 -0.677029 0.720037 -0.132903 -0.681090]
6d 1 [1 1.000][-163.800 369.260 953.751 167.8784 45.5263 128.0149][-0.431465 -0.862567 -0.264228 -0.551954 0.484083 -0.678977 0.713572 -0.147113 -0.684962]
6d 1 [1 1.000][-165.155 370.386 953.064 166.9249 44.9631 128.4472][-0.439957 -0.862280 -0.250822 -0.554150 0.480470 -0.679755 0.706651 -0.160070 -0.689218]
6d 1 [1 1.000][-166.438 371.559 952.456 166.0957 44.4971 128.8206][-0.447147 -0.861863 -0.239272 -0.555730 0.477297 -0.680700 0.700874 -0.171403 -0.692385]
6d 1 [1 1.000][-167.777 372.824 951.845 165.3304 44.2456 129.0373][-0.451179 -0.862705 -0.228422 -0.556420 0.472047 -0.683790 0.697735 -0.181413 -0.693004]
6d 1 [1 1.000][-169.039 374.193 951.140 165.0256 43.6306 129.0049][-0.455552 -0.862916 -0.218743 -0.562462 0.469467 -0.680616 0.690007 -0.187021 -0.699224]
6d 1 [1 1.000][-170.312 375.712 950.509 164.7892 43.7427 128.8976][-0.453650 -0.864916 -0.214760 -0.562262 0.464748 -0.684011 0.691421 -0.189550 -0.697143]
6d 1 [1 1.000][-171.697 377.201 949.967 164.2899 43.8456 129.1176][-0.455021 -0.865209 -0.210640 -0.559552 0.461821 -0.688203 0.692717 -0.195283 -0.694268]
6d 1 [1 1.000][-173.121 378.806 949.501 164.0394 44.1619 129.1345][-0.452766 -0.866675 -0.209469 -0.556443 0.458216 -0.693116 0.696688 -0.197261 -0.689720]
6d 1 [1 1.000][-174.684 380.433 949.131 163.8106 44.7362 129.2276][-0.449230 -0.868025 -0.211482 -0.550269 0.455309 -0.699927 0.703844 -0.198056 -0.682185]
6d 1 [1 1.000][-176.217 382.097 948.815 163.4781 45.1754 129.4426][-0.447851 -0.868519 -0.212378 -0.544398 0.453306 -0.705794 0.709268 -0.200472 -0.675833]
6d 1 [1 1.000][-177.644 383.633 948.581 163.2389 45.3556 129.8004][-0.449812 -0.866977 -0.214524 -0.539873 0.455286 -0.707991 0.711482 -0.202648 -0.672851]
6d 1 [1 1.000][-179.136 385.096 948.345 162.9210 45.2124 130.1934][-0.454650 -0.864705 -0.213493 -0.538132 0.457688 -0.707768 0.709723 -0.206899 -0.673414]
6d 1 [1 1.000][-180.616 386.467 948.106 162.6530 45.1635 130.5076][-0.457987 -0.863072 -0.212964 -0.536091 0.459250 -0.708305 0.709122 -0.210227 -0.673016]
6d 1 [1 1.000][-182.147 387.743 947.971 162.2078 44.8409 130.9859][-0.465058 -0.860086 -0.209699 -0.535255 0.461853 -0.707244 0.705141 -0.216667 -0.675153]
6d 1 [1 1.000][-183.920 388.936 948.060 161.7783 44.6243 131.3671][-0.470368 -0.858021 -0.206285 -0.534146 0.462892 -0.707403 0.702455 -0.222553 -0.676038]
6d 1 [1 1.000][-185.806 390.065 948.322 161.2393 44.6413 131.9540][-0.475675 -0.855251 -0.205619 -0.529144 0.464952 -0.709807 0.702666 -0.228836 -0.673717]
6d 1 [1 1.000][-187.632 391.134 948.630 160.7611 44.6278 132.4943][-0.480755 -0.852534 -0.205087 -0.524757 0.467112 -0.711644 0.702499 -0.234505 -0.671939]
6d 1 [1 1.000][-189.541 392.106 948.957 159.9520 44.0922 133.2385][-0.492008 -0.847767 -0.198037 -0.523230 0.469755 -0.711027 0.695815 -0.246212 -0.674701]
6d 1 [1 1.000][-191.404 392.995 949.458 159.3576 43.5402 133.9466][-0.503066 -0.842296 -0.193550 -0.521912 0.474586 -0.708785 0.688863 -0.255549 -0.678352]
6d 1 [1 1.000][-193.310 393.909 950.037 158.8633 43.2406 134.6199][-0.511687 -0.837410 -0.192151 -0.518522 0.479313 -0.708092 0.685063 -0.262687 -0.679473]
6d 1 [1 1.000][-195.273 394.764 950.760 158.3639 42.7324 135.2413][-0.521575 -0.832173 -0.188275 -0.517200 0.483879 -0.705950 0.678575 -0.270830 -0.682779]
6d 1 [1 1.000][-197.282 395.717 951.711 157.4400 42.5726 136.0218][-0.529931 -0.828022 -0.183175 -0.511359 0.484312 -0.709897 0.676524 -0.282529 -0.680068]
6d 1 [1 1.000][-199.387 396.658 952.745 156.8773 42.3271 136.5588][-0.536801 -0.824369 -0.179613 -0.508359 0.485927 -0.710948 0.673362 -0.290330 -0.679921]
6d 1 [1 1.000][-201.384 397.593 953.722 156.4434 41.7227 137.0185][-0.546028 -0.819532 -0.173838 -0.508850 0.489273 -0.708296 0.665526 -0.298292 -0.684176]
6d 1 [1 1.000][-203.557 398.637 954.958 155.8252 41.3748 137.5960][-0.554102 -0.815091 -0.169108 -0.506037 0.491111 -0.709039 0.660982 -0.307305 -0.684592]
6d 1 [1 1.000][-205.903 399.740 956.336 155.1879 41.5853 138.0579][-0.556354 -0.813858 -0.167645 -0.499926 0.488993 -0.714814 0.663735 -0.313880 -0.678922]
6d 1 [1 1.000][-208.233 400.855 957.555 154.4795 41.7043 138.5712][-0.559775 -0.812037 -0.165070 -0.494009 0.486964 -0.720292 0.665287 -0.321656 -0.673744]
6d 1 [1 1.000][-210.702 402.007 958.909 153.5836 42.2299 139.1343][-0.559965 -0.812099 -0.164118 -0.484470 0.481640 -0.730282 0.672107 -0.329422 -0.663139]
6d 1 [1 1.000][-213.032 403.121 960.020 153.0809 42.1808 139.3927][-0.562581 -0.811138 -0.159869 -0.482314 0.479066 -0.733396 0.671472 -0.335488 -0.660737]
6d 1 [1 1.000][-215.580 404.194 961.248 152.5905 42.1265 139.6607][-0.565316 -0.810009 -0.155893 -0.480089 0.476776 -0.736342 0.670770 -0.341423 -0.658406]
6d 1 [1 1.000][-218.206 405.244 962.345 152.1412 41.7854 139.9109][-0.570452 -0.807560 -0.149771 -0.480179 0.475856 -0.736878 0.666343 -0.348436 -0.659226]
6d 1 [1 1.000][-220.887 406.273 963.480 151.7479 41.6629 140.1736][-0.573740 -0.805822 -0.146537 -0.478471 0.474973 -0.738557 0.664747 -0.353626 -0.658073]
6d 1 [1 1.000][-223.717 407.385 964.737 150.7601 42.1176 140.8684][-0.575389 -0.804803 -0.145666 -0.468134 0.470115 -0.748226 0.670655 -0.362331 -0.647255]
6d 1 [1 1.000][-226.495 408.464 965.938 149.9761 42.3026 141.3724][-0.577790 -0.803580 -0.142889 -0.461700 0.466164 -0.754668 0.673046 -0.370068 -0.640358]
6d 1 [1 1.000][-229.333 409.540 967.030 149.3345 42.1684 141.7434][-0.582004 -0.801455 -0.137628 -0.458924 0.463436 -0.758034 0.671312 -0.378018 -0.637529]
6d 1 [1 1.000][-232.222 410.662 968.134 148.5451 42.3042 142.1655][-0.584111 -0.800639 -0.133383 -0.453647 0.458292 -0.764312 0.673066 -0.385934 -0.630901]
6d 1 [1 1.000][-235.211 411.772 969.145 147.9099 42.3003 142.5392][-0.587094 -0.799097 -0.129481 -0.449855 0.455029 -0.768491 0.673017 -0.392929 -0.626622]
6d 1 [1 1.000][-238.281 412.913 970.071 147.2736 42.3521 142.8452][-0.589002 -0.798378 -0.125177 -0.446346 0.450517 -0.773182 0.673685 -0.399534 -0.621708]
6d 1 [1 1.000][-241.842 414.109 970.698 146.6667 42.4040 143.0476][-0.590087 -0.798385 -0.119907 -0.443895 0.444903 -0.777830 0.674355 -0.405761 -0.616931]
6d 1 [1 1.000][-245.649 415.338 971.239 145.8656 42.6092 143.3208][-0.590257 -0.799093 -0.114222 -0.439631 0.436909 -0.784752 0.676994 -0.412990 -0.609195]
6d 1 [1 1.000][-249.699 416.536 971.567 145.4530 42.5783 143.2652][-0.590123 -0.800133 -0.107437 -0.440422 0.430604 -0.787787 0.676597 -0.417573 -0.606506]
6d 1 [1 1.000][-254.121 417.692 971.725 144.9618 42.8419 143.4645][-0.589143 -0.801105 -0.105550 -0.436509 0.425463 -0.792743 0.679978 -0.420966 -0.600348]
6d 1 [1 1.000][-258.695 418.740 971.567 144.5769 42.4702 143.3819][-0.592042 -0.800181 -0.095898 -0.439980 0.420621 -0.793407 0.675206 -0.427537 -0.601089]
6d 1 [1 1.000][-263.394 419.751 971.095 144.2288 41.8663 143.2184][-0.596452 -0.798274 -0.083688 -0.445904 0.416242 -0.792409 0.667394 -0.435317 -0.604222]
6d 1 [1 1.000][-267.792 420.710 971.282 143.4596 41.7042 143.3953][-0.599338 -0.797062 -0.074067 -0.445185 0.408781 -0.796686 0.665286 -0.444511 -0.599838]
6d 1 [1 1.000][-272.137 421.613 971.320 142.5381 41.1592 143.5911][-0.605923 -0.793301 -0.059427 -0.446869 0.401216 -0.799584 0.658153 -0.457930 -0.597607]
6d 1 [1 1.000][-276.685 422.691 971.425 141.1022 41.0993 144.0622][-0.610132 -0.790981 -0.045686 -0.442276 0.387863 -0.808674 0.657366 -0.473193 -0.586480]
6d 1 [1 1.000][-281.215 423.679 971.545 140.1657 40.7723 144.2420][-0.614552 -0.788202 -0.032622 -0.442545 0.378690 -0.812864 0.653054 -0.485110 -0.581539]
6d 1 [1 1.000][-285.569 424.639 971.553 139.4196 39.8818 144.3419][-0.623494 -0.781654 -0.016470 -0.447336 0.373940 -0.812441 0.641207 -0.499185 -0.582811]
6d 1 [1 1.000][-290.200 425.630 971.553 138.4873 39.5877 144.7786][-0.629566 -0.776910 -0.007573 -0.444463 0.368129 -0.816660 0.637259 -0.510776 -0.577069]
6d 1 [1 1.000][-294.866 426.713 971.526 137.9951 39.0882 145.0181][-0.635947 -0.771733 -0.000220 -0.444996 0.366933 -0.816908 0.630515 -0.519412 -0.576768]
6d 1 [1 1.000][-299.677 427.911 971.707 137.4143 39.0087 145.5203][-0.640543 -0.767922 0.001064 -0.439899 0.365796 -0.820172 0.629439 -0.525823 -0.572116]
6d 1 [1 1.000][-304.403 428.950 971.766 137.2370 38.4612 145.8159][-0.647750 -0.761844 0.003730 -0.439948 0.370056 -0.818232 0.621985 -0.531651 -0.574876]
6d 1 [1 1.000][-309.177 429.885 971.650 137.5992 37.5004 145.9098][-0.657017 -0.753855 0.005661 -0.444671 0.381464 -0.810403 0.608767 -0.534966 -0.585845]
6d 1 [1 1.000][-314.097 430.882 971.506 137.6761 36.8175 146.1372][-0.664755 -0.747026 0.007266 -0.446071 0.389104 -0.805989 0.599268 -0.539026 -0.591886]
6d 1 [1 1.000][-318.912 431.839 971.350 138.3350 35.2611 146.0437][-0.677282 -0.735598 0.013593 -0.456081 0.405285 -0.792297 0.577303 -0.542808 -0.609984]
6d 1 [1 1.000][-323.815 432.783 971.451 138.3769 34.3729 146.2906][-0.686603 -0.726820 0.017555 -0.458071 0.413721 -0.786770 0.564577 -0.548240 -0.616997]
6d 1 [1 1.000][-328.841 433.682 971.569 138.1976 33.4583 146.5542][-0.696136 -0.717494 0.024444 -0.459816 0.419463 -0.782701 0.551329 -0.556106 -0.621918]
6d 1 [1 1.000][-334.033 434.632 971.830 138.0786 32.5093 146.6360][-0.704322 -0.709092 0.033448 -0.463780 0.423965 -0.777922 0.537437 -0.563420 -0.627470]
6d 1 [1 1.000][-339.128 435.540 972.095 137.7246 31.6352 146.9266][-0.713454 -0.699449 0.041886 -0.464622 0.427486 -0.775488 0.524509 -0.572736 -0.629971]
6d 1 [1 1.000][-344.519 436.482 972.396 137.2620 30.7566 147.3045][-0.723187 -0.688804 0.050500 -0.464197 0.430621 -0.774007 0.511392 -0.583194 -0.631160]
6d 1 [1 1.000][-349.742 437.502 972.619 136.8178 29.8589 147.6371][-0.732548 -0.678097 0.059656 -0.464223 0.433552 -0.772353 0.497866 -0.593479 -0.632386]
6d 1 [1 1.000][-355.082 438.568 972.976 136.4709 28.9429 147.8909][-0.741245 -0.667691 0.068882 -0.465146 0.436963 -0.769872 0.483938 -0.602704 -0.634471]
6d 1 [1 1.000][-360.356 439.680 973.422 136.0170 28.1289 148.2011][-0.749521 -0.657415 0.077613 -0.464702 0.439024 -0.768967 0.471456 -0.612423 -0.634560]
6d 1 [1 1.000][-365.622 440.832 973.866 135.5952 27.3864 148.5764][-0.757698 -0.647127 0.084383 -0.462929 0.441828 -0.768430 0.459989 -0.621301 -0.634346]
6d 1 [1 1.000][-371.034 442.044 974.270 135.1971 26.8313 149.0127][-0.764986 -0.637973 0.088246 -0.459419 0.444517 -0.768985 0.451365 -0.628805 -0.633146]
6d 1 [1 1.000][-376.395 443.366 974.691 134.9223 26.3483 149.3692][-0.771076 -0.630194 0.091085 -0.456573 0.447501 -0.768950 0.443827 -0.634506 -0.632787]
6d 1 [1 1.000][-381.764 444.647 975.098 134.6202 25.8414 149.8216][-0.778021 -0.621296 0.093138 -0.452427 0.451242 -0.769215 0.435882 -0.640603 -0.632166]
6d 1 [1 1.000][-387.145 445.967 975.443 134.3732 25.4152 150.3758][-0.785158 -0.612359 0.092430 -0.446471 0.456275 -0.769725 0.429175 -0.645623 -0.631648]
6d 1 [1 1.000][-392.390 447.360 975.961 134.0847 24.8612 150.6759][-0.791067 -0.604027 0.096776 -0.444364 0.458672 -0.769520 0.420422 -0.651746 -0.631247]
6d 1 [1 1.000][-397.674 448.775 976.477 133.7908 24.2588 150.8500][-0.796230 -0.596109 0.103307 -0.444087 0.459913 -0.768939 0.410859 -0.658129 -0.630920]
6d 1 [1 1.000][-402.956 450.188 976.865 133.4043 23.7476 151.2354][-0.802381 -0.587135 0.107040 -0.440467 0.461560 -0.770033 0.402708 -0.665007 -0.628961]
6d 1 [1 1.000][-408.355 451.666 977.250 133.0024 23.4675 151.9268][-0.809365 -0.577932 0.104513 -0.431675 0.464731 -0.773099 0.398228 -0.670835 -0.625616]
6d 1 [1 1.000][-413.619 453.170 977.539 132.4169 23.0913 152.6344][-0.816939 -0.567194 0.104412 -0.422839 0.465943 -0.777241 0.392197 -0.679108 -0.620479]
6d 1 [1 1.000][-418.706 454.631 977.876 131.8247 22.6207 153.3080][-0.824704 -0.555624 0.105577 -0.414639 0.467041 -0.780991 0.384628 -0.687862 -0.615554]
6d 1 [1 1.000][-424.119 456.079 978.360 131.4199 22.0622 153.7089][-0.830906 -0.545560 0.109358 -0.410499 0.468377 -0.782377 0.375613 -0.694973 -0.613130]
6d 1 [1 1.000][-429.403 457.491 978.789 131.0540 21.3455 154.0826][-0.837727 -0.533934 0.114580 -0.407093 0.470746 -0.782735 0.363991 -0.702362 -0.611717]
6d 1 [1 1.000][-434.872 459.193 979.634 130.6574 20.4376 153.9624][-0.841948 -0.524012 0.128587 -0.411329 0.469127 -0.781491 0.349187 -0.710867 -0.610522]
6d 1 [1 1.000][-440.281 460.836 980.417 130.0811 19.4366 153.6413][-0.844968 -0.514009 0.147730 -0.418686 0.463886 -0.780712 0.332764 -0.721529 -0.607177]
6d 1 [1 1.000][-445.854 462.572 981.464 129.3661 18.8330 153.5796][-0.847609 -0.505724 0.160634 -0.421133 0.456979 -0.783465 0.322810 -0.731720 -0.600317]
6d 1 [1 1.000][-451.223 464.393 982.530 128.5276 18.1869 153.3108][-0.848822 -0.497930 0.177673 -0.426713 0.446856 -0.786280 0.312118 -0.743227 -0.591774]
6d 1 [1 1.000][-456.363 466.457 983.945 127.9867 17.9283 152.8284][-0.846444 -0.496904 0.191364 -0.434483 0.436763 -0.787694 0.307827 -0.749883 -0.585592]
6d 1 [1 1.000][-459.597 468.967 985.043 127.2471 18.7815 154.3366][-0.853359 -0.493134 0.169105 -0.410024 0.434552 -0.801901 0.321960 -0.753647 -0.573025]
6d 1 [1 1.000][-464.028 470.918 985.956 126.3835 19.1232 155.0975][-0.856973 -0.488995 0.162731 -0.397838 0.426982 -0.812041 0.327601 -0.760638 -0.560453]
6d 1 [1 1.000][-468.215 472.849 986.684 125.4847 20.0512 156.3916][-0.860764 -0.488289 0.143734 -0.376209 0.420095 -0.825825 0.342859 -0.764915 -0.545301]
6d 1 [1 1.000][-473.191 474.513 987.207 124.7094 20.1979 156.5531][-0.861012 -0.486958 0.146729 -0.373431 0.409464 -0.832399 0.345264 -0.771499 -0.534399]
6d 1 [1 1.000][-477.822 475.277 985.491 125.3711 17.6239 153.9107][-0.855956 -0.476299 0.201193 -0.419131 0.411316 -0.809412 0.302768 -0.777148 -0.551700]
6d 1 [1 1.000][-482.716 476.214 984.855 125.8782 15.3894 152.0283][-0.851513 -0.464791 0.242683 -0.452217 0.416746 -0.788557 0.265377 -0.781212 -0.565051]
6d 1 [1 1.000][-487.861 477.436 985.141 125.3678 14.2621 151.0665][-0.848207 -0.455850 0.269713 -0.468884 0.409383 -0.782658 0.246358 -0.790320 -0.560982]
6d 1 [1 1.000][-493.006 478.551 985.794 124.9447 13.3174 150.4901][-0.846868 -0.446460 0.288944 -0.479329 0.405472 -0.778355 0.230345 -0.797663 -0.557382]
6d 1 [1 1.000][-497.827 479.711 986.526 124.4193 12.5666 150.1460][-0.846520 -0.437038 0.303977 -0.485866 0.400891 -0.776673 0.217575 -0.805161 -0.551704]
6d 1 [1 1.000][-502.709 480.776 987.348 124.0878 11.9458 150.0640][-0.847816 -0.428241 0.312757 -0.488225 0.400142 -0.775579 0.206987 -0.810244 -0.548325]
6d 1 [1 1.000][-507.158 481.867 988.201 123.9238 11.4014 150.1085][-0.849862 -0.420340 0.317882 -0.488525 0.402100 -0.774376 0.197681 -0.813406 -0.547077]
6d 1 [1 1.000][-511.386 482.894 989.031 123.9009 10.7821 150.1806][-0.852280 -0.412069 0.322207 -0.488490 0.406697 -0.771994 0.187074 -0.815350 -0.547912]
6d 1 [1 1.000][-515.487 483.880 989.845 123.8352 10.3914 150.1230][-0.852875 -0.407280 0.326691 -0.489970 0.408171 -0.770277 0.180372 -0.817018 -0.547674]
6d 1 [1 1.000][-519.350 484.851 990.688 123.8685 10.1846 150.4558][-0.856267 -0.402523 0.323699 -0.485326 0.412433 -0.770946 0.176820 -0.817236 -0.548507]
6d 1 [1 1.000][-523.213 485.740 991.448 124.0083 9.7632 150.7948][-0.860236 -0.395612 0.321691 -0.480872 0.419622 -0.769857 0.169576 -0.816951 -0.551213]
6d 1 [1 1.000][-527.101 486.634 992.001 123.9779 9.6373 151.0628][-0.862799 -0.391906 0.319354 -0.477023 0.421927 -0.770991 0.167411 -0.817550 -0.550986]
6d 1 [1 1.000][-530.751 487.453 992.612 124.0192 9.4527 151.4157][-0.866191 -0.387212 0.315880 -0.471954 0.426151 -0.771787 0.164233 -0.817595 -0.551874]
6d 1 [1 1.000][-534.145 488.211 993.213 124.2170 9.1447 151.5709][-0.868230 -0.383279 0.315078 -0.470020 0.431950 -0.769740 0.158928 -0.816404 -0.555181]
6d 1 [1 1.000][-537.321 488.984 993.839 124.2847 8.9270 151.7214][-0.869987 -0.379784 0.314463 -0.468021 0.435335 -0.769051 0.155177 -0.816240 -0.556482]
6d 1 [1 1.000][-540.368 489.678 994.380 124.4076 8.6603 151.9151][-0.872192 -0.375630 0.313344 -0.465412 0.440054 -0.767948 0.150576 -0.815632 -0.558634]
6d 1 [1 1.000][-543.709 490.186 994.900 124.4158 8.3938 152.1180][-0.874444 -0.370759 0.312866 -0.462643 0.443265 -0.767774 0.145976 -0.816121 -0.559140]
6d 1 [1 1.000][-546.990 490.694 995.147 124.3094 8.1120 152.2568][-0.876187 -0.365548 0.314119 -0.460852 0.444607 -0.768076 0.141109 -0.817740 -0.558022]
6d 1 [1 1.000][-550.114 491.275 995.604 124.1848 8.0068 152.3754][-0.877367 -0.362614 0.314226 -0.459157 0.444386 -0.769217 0.139291 -0.819165 -0.556387]
6d 1 [1 1.000][-552.934 491.794 996.032 124.0661 7.7495 152.4744][-0.878705 -0.357929 0.315855 -0.457925 0.445120 -0.769528 0.134843 -0.820826 -0.555034]
6d 1 [1 1.000][-555.489 492.278 996.292 124.0542 7.3887 152.4128][-0.878948 -0.353757 0.319854 -0.459252 0.446970 -0.767662 0.128600 -0.821629 -0.555327]
6d 1 [1 1.000][-558.173 492.788 996.469 124.1117 7.1324 152.3113][-0.878633 -0.351617 0.323062 -0.461072 0.448820 -0.765489 0.124162 -0.821539 -0.556469]
6d 1 [1 1.000][-561.064 493.223 996.732 124.1659 6.9162 152.3720][-0.879530 -0.348700 0.323782 -0.460354 0.451353 -0.764431 0.120417 -0.821394 -0.557504]
6d 1 [1 1.000][-563.933 493.644 996.933 124.1475 6.8449 152.4357][-0.880174 -0.347188 0.323659 -0.459446 0.451969 -0.764614 0.119181 -0.821696 -0.557325]
6d 1 [1 1.000][-566.482 494.085 997.185 123.9742 6.7704 152.5856][-0.881509 -0.344080 0.323343 -0.457213 0.451050 -0.766492 0.117891 -0.823506 -0.554922]
6d 1 [1 1.000][-568.612 494.575 997.406 123.9835 6.6074 152.7189][-0.882865 -0.341000 0.322906 -0.455312 0.453049 -0.766445 0.115065 -0.823691 -0.555242]
6d 1 [1 1.000][-570.845 495.031 997.657 124.1269 6.4787 152.8571][-0.884189 -0.339064 0.321319 -0.453298 0.456631 -0.765512 0.112833 -0.822511 -0.557445]
6d 1 [1 1.000][-573.268 495.254 997.754 124.2695 6.1937 152.8267][-0.884437 -0.336472 0.323356 -0.454017 0.460221 -0.762932 0.107890 -0.821574 -0.559800]
6d 1 [1 1.000][-575.559 495.504 997.900 124.3696 5.9237 152.8423][-0.885002 -0.333470 0.324914 -0.454004 0.463410 -0.761007 0.103204 -0.821005 -0.561515]
6d 1 [1 1.000][-577.916 495.721 998.076 124.2977 5.7642 152.8591][-0.885388 -0.330889 0.326497 -0.453873 0.463595 -0.760972 0.100435 -0.821944 -0.560643]
6d 1 [1 1.000][-579.984 495.983 998.251 124.2260 5.5974 152.9091][-0.886040 -0.327945 0.327696 -0.453232 0.464022 -0.761094 0.097538 -0.822883 -0.559777]
6d 1 [1 1.000][-581.936 496.233 998.409 124.2066 5.3656 153.0039][-0.887133 -0.324098 0.328566 -0.451941 0.465817 -0.760765 0.093511 -0.823392 -0.559715]
6d 1 [1 1.000][-583.788 496.499 998.510 124.2269 5.0859 153.0395][-0.887811 -0.320341 0.330415 -0.451590 0.468112 -0.759564 0.088648 -0.823561 -0.560258]
6d 1 [1 1.000][-584.374 496.774 998.390 124.3888 4.8060 153.0803][-0.888507 -0.317358 0.331420 -0.451149 0.472302 -0.757229 0.083782 -0.822323 -0.562819]
6d 1 [1 1.000][-584.753 497.135 998.264 124.5675 4.6293 153.0903][-0.888812 -0.316051 0.331852 -0.451109 0.475862 -0.755020 0.080709 -0.820772 -0.565525]
6d 1 [1 1.000][-584.632 497.604 998.036 124.8526 4.5628 153.0977][-0.888953 -0.316790 0.330767 -0.451037 0.480084 -0.752386 0.079552 -0.818024 -0.569656]
6d 1 [1 1.000][-584.541 498.126 997.750 125.0299 4.6533 153.0487][-0.888454 -0.319372 0.329622 -0.451738 0.481554 -0.751025 0.081126 -0.816154 -0.572111]
6d 1 [1 1.000][-584.210 498.731 997.344 125.2628 4.9821 152.9693][-0.887398 -0.325540 0.326418 -0.452750 0.482036 -0.750106 0.086844 -0.813428 -0.575146]
6d 1 [1 1.000][-583.661 499.450 996.833 125.5383 5.6393 152.9379][-0.886204 -0.335649 0.319347 -0.452754 0.481229 -0.750621 0.098266 -0.809789 -0.578433]
6d 1 [1 1.000][-584.010 500.028 996.509 125.7155 6.1863 152.9233][-0.885213 -0.343623 0.313563 -0.452533 0.479954 -0.751570 0.107761 -0.807197 -0.580362]
6d 1 [1 1.000][-584.309 500.594 996.156 125.7037 6.6656 152.7096][-0.882687 -0.351345 0.312124 -0.455402 0.475419 -0.752719 0.116074 -0.806557 -0.579649]
6d 1 [1 1.000][-584.711 501.077 995.888 125.5684 7.1739 152.4023][-0.879284 -0.359490 0.312451 -0.459635 0.468434 -0.754523 0.124881 -0.807054 -0.577121]
6d 1 [1 1.000][-585.029 501.579 995.731 125.5801 7.7452 152.1499][-0.876107 -0.368724 0.310611 -0.462898 0.463244 -0.755732 0.134768 -0.805883 -0.576532]
6d 1 [1 1.000][-585.321 502.075 995.414 125.6400 8.1643 151.9277][-0.873412 -0.376040 0.309428 -0.465815 0.459828 -0.756025 0.142012 -0.804458 -0.576784]
6d 1 [1 1.000][-585.283 502.614 994.959 125.7710 8.6512 151.8840][-0.871960 -0.383115 0.304808 -0.465896 0.458053 -0.757052 0.150420 -0.802129 -0.577896]
6d 1 [1 1.000][-585.094 503.121 994.249 126.0595 8.9812 151.9006][-0.871316 -0.388570 0.299702 -0.465228 0.459803 -0.756402 0.156110 -0.798495 -0.581408]
6d 1 [1 1.000][-584.738 503.598 993.446 126.2458 9.1591 151.9089][-0.870952 -0.391656 0.296729 -0.464872 0.461153 -0.755799 0.159176 -0.796205 -0.583712]
6d 1 [1 1.000][-584.510 504.047 992.724 126.1011 9.3492 151.8099][-0.869677 -0.394031 0.297323 -0.466123 0.457316 -0.757358 0.162452 -0.797246 -0.581385]
6d 1 [1 1.000][-584.489 504.353 992.155 125.9082 9.4044 151.7023][-0.868662 -0.394559 0.299582 -0.467681 0.453661 -0.758595 0.163402 -0.799071 -0.578606]
6d 1 [1 1.000][-584.234 504.755 991.527 125.7739 9.5309 151.4310][-0.866119 -0.397543 0.302982 -0.471616 0.449165 -0.758834 0.165580 -0.800131 -0.576518]
6d 1 [1 1.000][-583.387 505.244 990.780 125.8676 9.8239 151.2746][-0.864074 -0.402848 0.301809 -0.473565 0.447354 -0.758690 0.170621 -0.798491 -0.577322]
6d 1 [1 1.000][-582.343 505.749 989.975 126.1695 10.1229 151.1356][-0.862131 -0.409161 0.298860 -0.475224 0.448361 -0.757056 0.175761 -0.794707 -0.580989]
6d 1 [1 1.000][-581.530 506.161 989.195 126.4903 10.4817 151.0384][-0.860344 -0.415929 0.294638 -0.476144 0.449497 -0.755804 0.181922 -0.790541 -0.584764]
6d 1 [1 1.000][-580.754 506.551 988.403 126.7679 10.9556 151.1083][-0.859578 -0.422498 0.287440 -0.474349 0.450517 -0.756325 0.190049 -0.786467 -0.587666]
6d 1 [1 1.000][-579.822 506.963 987.594 127.1040 11.5475 151.0639][-0.857446 -0.431600 0.280192 -0.474041 0.450707 -0.756405 0.200180 -0.781399 -0.591053]
6d 1 [1 1.000][-578.435 507.385 986.741 127.8501 12.3813 150.8690][-0.853193 -0.446596 0.269469 -0.475486 0.453563 -0.753786 0.214416 -0.771254 -0.599327]
6d 1 [1 1.000][-576.708 507.837 985.904 128.4993 13.1926 150.7308][-0.849310 -0.460160 0.258698 -0.476010 0.455706 -0.752161 0.228225 -0.761961 -0.606076]
6d 1 [1 1.000][-574.590 508.257 985.045 129.3552 14.0497 150.5838][-0.845017 -0.474962 0.245677 -0.476458 0.460176 -0.749150 0.242763 -0.750099 -0.615156]
6d 1 [1 1.000][-572.951 508.609 984.285 129.9171 14.7749 150.3686][-0.840483 -0.487274 0.236964 -0.478071 0.461056 -0.747580 0.255022 -0.741614 -0.620462]
6d 1 [1 1.000][-571.679 508.933 983.544 130.3674 15.3005 150.1674][-0.836735 -0.496613 0.230760 -0.479835 0.461840 -0.745964 0.263881 -0.734901 -0.624730]
6d 1 [1 1.000][-570.399 509.190 982.823 130.7664 15.7265 149.9674][-0.833333 -0.504533 0.225838 -0.481758 0.462565 -0.744273 0.271045 -0.729027 -0.628533]
6d 1 [1 1.000][-569.103 509.432 982.157 131.0718 16.1963 149.8699][-0.830562 -0.511662 0.219928 -0.482043 0.462682 -0.744016 0.278929 -0.723966 -0.630929]
6d 1 [1 1.000][-567.054 509.372 981.674 131.2690 16.6122 149.8296][-0.828451 -0.517268 0.214717 -0.481597 0.462249 -0.744574 0.285892 -0.720250 -0.632065]
6d 1 [1 1.000][-565.148 509.081 981.281 131.4208 16.8083 149.6932][-0.826452 -0.521061 0.213242 -0.483071 0.461745 -0.743932 0.289171 -0.717835 -0.633319]
6d 1 [1 1.000][-563.338 508.613 981.081 131.4621 16.9281 149.6966][-0.825957 -0.522482 0.211678 -0.482715 0.461556 -0.744279 0.291171 -0.716923 -0.633435]
6d 1 [1 1.000][-561.357 508.082 980.927 131.5635 16.8955 149.6214][-0.825465 -0.523111 0.212041 -0.483883 0.462391 -0.743002 0.290627 -0.715925 -0.634813]
6d 1 [1 1.000][-559.083 507.488 980.988 131.5735 16.9498 149.6778][-0.825703 -0.523279 0.210698 -0.482931 0.462693 -0.743433 0.291534 -0.715607 -0.634755]
6d 1 [1 1.000][-556.734 506.805 981.251 131.4669 17.0462 149.8275][-0.826537 -0.522721 0.208804 -0.480524 0.462069 -0.745378 0.293143 -0.716419 -0.633097]
6d 1 [1 1.000][-555.375 506.505 981.314 131.4605 17.4147 149.8432][-0.825021 -0.526551 0.205143 -0.479341 0.459815 -0.747530 0.299285 -0.715062 -0.631755]
