6d 1 [1  589.589 843.957 539.979 179.6202 7.6170 -96.4400][-0.111173 0.993569 -0.021454 0.984922 0.113034 0.130967 0.132550 -0.006571 -0.991155]
6d 1 [1  589.418 843.895 539.986 179.6352 7.4210 -96.4573][-0.111521 0.993543 -0.020853 0.985333 0.113278 0.127620 0.129158 -0.006314 -0.991604]
6d 1 [1  589.237 843.846 540.019 179.6116 7.2058 -96.4345][-0.111183 0.993582 -0.020793 0.985852 0.112911 0.123881 0.125434 -0.006726 -0.992079]
6d 1 [1  589.120 843.824 540.037 179.5426 7.1169 -96.3815][-0.110293 0.993662 -0.021704 0.986147 0.112128 0.122235 0.123894 -0.007922 -0.992264]
6d 1 [1  589.095 843.813 540.061 179.4806 7.0220 -96.3400][-0.109600 0.993721 -0.022509 0.986429 0.111525 0.120497 0.122251 -0.008997 -0.992458]
6d 1 [1  589.127 843.795 540.091 179.3924 6.9854 -96.3021][-0.108956 0.993759 -0.023889 0.986579 0.111047 0.119711 0.121617 -0.010525 -0.992521]
6d 1 [1  589.263 843.811 540.119 179.2779 6.9978 -96.2028][-0.107244 0.993901 -0.025692 0.986740 0.109567 0.119747 0.121832 -0.012509 -0.992472]
6d 1 [1  589.372 843.832 540.158 179.1800 7.0542 -96.1529][-0.106371 0.993949 -0.027391 0.986713 0.108918 0.120555 0.122809 -0.014203 -0.992329]
6d 1 [1  589.541 843.871 540.153 179.1739 7.1742 -96.1750][-0.106723 0.993901 -0.027766 0.986415 0.109344 0.122598 0.124886 -0.014304 -0.992068]
6d 1 [1  589.772 843.918 540.129 179.1339 7.2953 -96.1648][-0.106520 0.993897 -0.028663 0.986169 0.109285 0.124612 0.126984 -0.014993 -0.991792]
6d 1 [1  590.078 843.994 540.108 179.1230 7.4165 -96.1688][-0.106559 0.993881 -0.029086 0.985892 0.109409 0.126675 0.129082 -0.015178 -0.991518]
6d 1 [1  590.390 844.071 540.091 179.1681 7.6180 -96.2064][-0.107157 0.993826 -0.028764 0.985365 0.110013 0.130207 0.132567 -0.014391 -0.991070]
6d 1 [1  590.724 844.202 540.134 179.1025 7.8404 -96.1827][-0.106693 0.993831 -0.030263 0.984890 0.109811 0.133916 0.136413 -0.015518 -0.990530]
6d 1 [1  591.065 844.327 540.176 179.0467 8.0875 -96.2216][-0.107297 0.993719 -0.031784 0.984223 0.110687 0.138034 0.140686 -0.016472 -0.989917]
6d 1 [1  591.386 844.443 540.187 179.0720 8.3048 -96.2693][-0.108056 0.993634 -0.031871 0.983596 0.111513 0.141788 0.144439 -0.016027 -0.989384]
6d 1 [1  591.711 844.567 540.247 179.0125 8.5285 -96.2943][-0.108423 0.993544 -0.033388 0.982981 0.112159 0.145497 0.148302 -0.017044 -0.988795]
6d 1 [1  592.064 844.699 540.318 178.9973 8.7761 -96.3467][-0.109249 0.993424 -0.034256 0.982235 0.113180 0.149681 0.152574 -0.017295 -0.988141]
6d 1 [1  592.373 844.823 540.396 179.0421 8.9754 -96.3624][-0.109460 0.993413 -0.033902 0.981672 0.113393 0.153175 0.156010 -0.016514 -0.987617]
6d 1 [1  592.609 844.947 540.490 179.0152 9.1873 -96.3451][-0.109098 0.993424 -0.034724 0.981125 0.113227 0.156761 0.159662 -0.016966 -0.987026]
6d 1 [1  592.839 845.047 540.556 179.0577 9.4059 -96.3564][-0.109225 0.993420 -0.034436 0.980490 0.113370 0.160581 0.163428 -0.016225 -0.986422]
6d 1 [1  592.991 845.140 540.625 179.0791 9.4903 -96.2720][-0.107753 0.993597 -0.033986 0.980410 0.111868 0.162116 0.164880 -0.015852 -0.986186]
6d 1 [1  593.052 845.212 540.659 179.1255 9.6228 -96.1893][-0.106297 0.993780 -0.033194 0.980183 0.110338 0.164523 0.167162 -0.015048 -0.985815]
6d 1 [1  593.107 845.276 540.647 179.2151 9.6194 -96.1320][-0.105317 0.993941 -0.031468 0.980298 0.109085 0.164668 0.167102 -0.013506 -0.985847]
6d 1 [1  593.016 845.329 540.634 179.2726 9.5670 -96.1079][-0.104922 0.994019 -0.030306 0.980494 0.108491 0.163893 0.166200 -0.012518 -0.986013]
6d 1 [1  592.872 845.375 540.612 179.2720 9.4478 -96.0652][-0.104227 0.994102 -0.029978 0.980914 0.107726 0.161875 0.164150 -0.012534 -0.986356]
6d 1 [1  592.657 845.413 540.553 179.2582 9.3344 -96.0179][-0.103451 0.994186 -0.029878 0.981321 0.106919 0.159931 0.162196 -0.012775 -0.986676]
6d 1 [1  592.376 845.473 540.489 179.2232 9.1916 -96.0172][-0.103480 0.994172 -0.030226 0.981721 0.106970 0.157421 0.159737 -0.013384 -0.987069]
6d 1 [1  592.095 845.521 540.450 179.1890 9.0567 -95.9874][-0.103009 0.994213 -0.030495 0.982146 0.106515 0.155061 0.157412 -0.013978 -0.987434]
6d 1 [1  591.919 845.607 540.387 179.0819 8.8050 -96.0001][-0.103297 0.994138 -0.031934 0.982801 0.106955 0.150539 0.153072 -0.015835 -0.988088]
6d 1 [1  591.705 845.697 540.350 179.1027 8.5970 -96.0636][-0.104445 0.994036 -0.031360 0.983232 0.107947 0.146975 0.149484 -0.015483 -0.988643]
6d 1 [1  591.583 845.823 540.348 179.0913 8.4641 -96.1054][-0.105199 0.993955 -0.031422 0.983498 0.108665 0.144650 0.147190 -0.015686 -0.988984]
6d 1 [1  591.537 845.973 540.338 179.1211 8.2825 -96.1659][-0.106287 0.993861 -0.030721 0.983845 0.109591 0.141556 0.144054 -0.015179 -0.989453]
6d 1 [1  591.484 846.125 540.355 179.2435 8.2287 -96.2316][-0.107431 0.993799 -0.028660 0.983857 0.110417 0.140833 0.143125 -0.013068 -0.989618]
6d 1 [1  591.472 846.296 540.392 179.2871 8.1288 -96.2176][-0.107217 0.993850 -0.027682 0.984130 0.110046 0.139208 0.141398 -0.012317 -0.989876]
6d 1 [1  591.536 846.473 540.361 179.4765 8.0228 -96.2356][-0.107555 0.993904 -0.024242 0.984354 0.109881 0.137743 0.139567 -0.009048 -0.990171]
6d 1 [1  591.571 846.652 540.359 179.5926 7.9656 -96.2302][-0.107476 0.993962 -0.022107 0.984502 0.109500 0.136985 0.138579 -0.007041 -0.990326]
6d 1 [1  591.611 846.826 540.330 179.7851 7.9377 -96.1907][-0.106805 0.994106 -0.018621 0.984643 0.108352 0.136886 0.138096 -0.003715 -0.990412]
6d 1 [1  591.728 847.008 540.298 179.9167 7.9098 -96.1510][-0.106129 0.994221 -0.016190 0.984784 0.107348 0.136665 0.137614 -0.001440 -0.990485]
6d 1 [1  591.830 847.177 540.265 -179.9362 7.9036 -96.1606][-0.106296 0.994241 -0.013650 0.984781 0.107163 0.136832 0.137507 0.001103 -0.990500]
6d 1 [1  591.923 847.343 540.232 -179.8240 7.9270 -96.1415][-0.105962 0.994301 -0.011700 0.984760 0.106563 0.137447 0.137910 0.003042 -0.990440]
6d 1 [1  592.029 847.496 540.221 -179.7660 7.9382 -96.1302][-0.105765 0.994334 -0.010688 0.984754 0.106227 0.137751 0.138105 0.004044 -0.990409]
6d 1 [1  592.162 847.637 540.200 -179.7082 7.9506 -96.1410][-0.105948 0.994324 -0.009733 0.984704 0.106274 0.138068 0.138319 0.005044 -0.990375]
6d 1 [1  592.281 847.777 540.196 -179.6764 8.0045 -96.1599][-0.106258 0.994295 -0.009326 0.984540 0.106520 0.139051 0.139251 0.005593 -0.990241]
6d 1 [1  592.447 847.906 540.195 -179.6782 8.0674 -96.1720][-0.106449 0.994273 -0.009504 0.984365 0.106728 0.140126 0.140338 0.005561 -0.990088]
6d 1 [1  592.618 848.027 540.168 -179.6396 8.1256 -96.2063][-0.107023 0.994216 -0.009027 0.984159 0.107222 0.141192 0.141343 0.006227 -0.989941]
6d 1 [1  592.814 848.140 540.148 -179.6296 8.2124 -96.2298][-0.107403 0.994174 -0.009074 0.983901 0.107595 0.142698 0.142843 0.006398 -0.989725]
6d 1 [1  592.986 848.231 540.135 -179.6329 8.2797 -96.2610][-0.107921 0.994116 -0.009335 0.983675 0.108138 0.143842 0.144005 0.006341 -0.989557]
6d 1 [1  593.158 848.321 540.119 -179.6430 8.3215 -96.2723][-0.108104 0.994093 -0.009618 0.983548 0.108356 0.144539 0.144727 0.006165 -0.989452]
6d 1 [1  593.334 848.406 540.113 -179.6755 8.3968 -96.2898][-0.108383 0.994055 -0.010369 0.983325 0.108734 0.145767 0.146028 0.005603 -0.989265]
6d 1 [1  593.540 848.479 540.098 -179.7455 8.5160 -96.2578][-0.107800 0.994103 -0.011727 0.983082 0.108347 0.147686 0.148086 0.004392 -0.988965]
6d 1 [1  593.761 848.541 540.089 -179.8165 8.6373 -96.2371][-0.107412 0.994128 -0.013132 0.982807 0.108165 0.149637 0.150179 0.003167 -0.988654]
6d 1 [1  593.946 848.603 540.076 -179.8699 8.7293 -96.2358][-0.107362 0.994118 -0.014228 0.982568 0.108278 0.151115 0.151767 0.002244 -0.988414]
6d 1 [1  594.143 848.667 540.080 -179.9542 8.8296 -96.2191][-0.107047 0.994128 -0.015834 0.982334 0.108209 0.152680 0.153497 0.000789 -0.988149]
6d 1 [1  594.329 848.735 540.076 179.9563 8.9178 -96.2037][-0.106756 0.994131 -0.017510 0.982127 0.108180 0.154026 0.155017 -0.000753 -0.987912]
6d 1 [1  594.485 848.807 540.065 179.9016 8.9714 -96.1973][-0.106632 0.994126 -0.018542 0.981994 0.108219 0.154845 0.155942 -0.001697 -0.987765]
6d 1 [1  594.641 848.891 540.058 179.8314 9.0412 -96.2167][-0.106944 0.994065 -0.019942 0.981768 0.108748 0.155902 0.157145 -0.002905 -0.987571]
6d 1 [1  594.767 848.977 540.055 179.7842 9.0791 -96.2482][-0.107472 0.993988 -0.020917 0.981606 0.109425 0.156450 0.157798 -0.003719 -0.987464]
6d 1 [1  594.869 849.059 540.043 179.7675 9.1185 -96.2815][-0.108032 0.993918 -0.021373 0.981435 0.110053 0.157080 0.158476 -0.004007 -0.987355]
6d 1 [1  594.949 849.149 540.049 179.7577 9.1417 -96.3263][-0.108791 0.993828 -0.021710 0.981286 0.110858 0.157441 0.158876 -0.004175 -0.987290]
6d 1 [1  594.990 849.250 540.048 179.8012 9.1476 -96.3958][-0.109979 0.993709 -0.021158 0.981137 0.111943 0.157601 0.158978 -0.003426 -0.987276]
6d 1 [1  595.018 849.349 540.039 179.8769 9.1527 -96.4623][-0.111117 0.993605 -0.020037 0.980995 0.112889 0.157813 0.159066 -0.002121 -0.987266]
6d 1 [1  595.041 849.453 540.031 179.9528 9.1467 -96.5260][-0.112209 0.993505 -0.018885 0.980887 0.113784 0.157840 0.158963 -0.000813 -0.987284]
6d 1 [1  595.037 849.559 540.029 -179.9587 9.1539 -96.5862][-0.113238 0.993413 -0.017531 0.980749 0.114584 0.158120 0.159087 0.000712 -0.987264]
6d 1 [1  595.005 849.658 540.030 -179.8650 9.1438 -96.6462][-0.114268 0.993320 -0.016053 0.980658 0.115367 0.158117 0.158913 0.002325 -0.987290]
6d 1 [1  594.957 849.755 540.030 -179.7683 9.1395 -96.7069][-0.115308 0.993224 -0.014534 0.980548 0.116151 0.158222 0.158838 0.003993 -0.987297]
6d 1 [1  594.906 849.842 540.024 -179.6759 9.1286 -96.7463][-0.115986 0.993166 -0.013019 0.980498 0.116581 0.158214 0.158651 0.005586 -0.987319]
6d 1 [1  594.855 849.922 540.021 -179.5920 9.0993 -96.7817][-0.116601 0.993111 -0.011604 0.980507 0.116965 0.157877 0.158147 0.007031 -0.987391]
6d 1 [1  594.774 849.991 540.024 -179.5167 9.0668 -96.8162][-0.117202 0.993054 -0.010327 0.980526 0.117360 0.157468 0.157586 0.008330 -0.987470]
6d 1 [1  594.682 850.041 540.021 -179.4410 9.0322 -96.8432][-0.117676 0.993011 -0.009018 0.980564 0.117627 0.157027 0.156990 0.009635 -0.987553]
6d 1 [1  594.566 850.082 540.019 -179.3673 8.9941 -96.8712][-0.118168 0.992964 -0.007739 0.980610 0.117917 0.156522 0.156334 0.010907 -0.987644]
6d 1 [1  594.418 850.091 540.027 -179.3028 8.9358 -96.9052][-0.118767 0.992900 -0.006593 0.980698 0.118341 0.155653 0.155328 0.012021 -0.987790]
6d 1 [1  594.297 850.085 540.027 -179.2482 8.8763 -96.9306][-0.119222 0.992852 -0.005592 0.980804 0.118647 0.154744 0.154301 0.012964 -0.987939]
6d 1 [1  594.176 850.068 540.030 -179.1859 8.8311 -96.9631][-0.119793 0.992789 -0.004506 0.980857 0.119053 0.154097 0.153523 0.014040 -0.988045]
6d 1 [1  594.074 850.036 540.039 -179.1299 8.8026 -97.0085][-0.120579 0.992697 -0.003599 0.980838 0.119696 0.153722 0.153031 0.015006 -0.988108]
6d 1 [1  593.982 849.987 540.058 -179.0878 8.7537 -97.0511][-0.121324 0.992609 -0.002879 0.980877 0.120334 0.152972 0.152188 0.015735 -0.988226]
6d 1 [1  593.909 849.916 540.071 -179.0309 8.7405 -97.0995][-0.122158 0.992509 -0.001995 0.980809 0.121025 0.152862 0.151959 0.016716 -0.988245]
6d 1 [1  593.842 849.832 540.095 -178.9806 8.6878 -97.1479][-0.123003 0.992406 -0.001139 0.980843 0.121745 0.152067 0.151051 0.017588 -0.988370]
6d 1 [1  593.806 849.726 540.124 -178.9361 8.6511 -97.2050][-0.123992 0.992283 -0.000441 0.980816 0.122627 0.151533 0.150417 0.018356 -0.988452]
6d 1 [1  593.784 849.622 540.153 -178.8787 8.6359 -97.2543][-0.124841 0.992177 0.000455 0.980749 0.123334 0.151396 0.150156 0.019347 -0.988473]
6d 1 [1  593.783 849.495 540.196 -178.8459 8.6223 -97.3048][-0.125710 0.992067 0.000919 0.980674 0.124127 0.151234 0.149920 0.019913 -0.988498]
6d 1 [1  593.805 849.338 540.244 -178.8228 8.6169 -97.3509][-0.126502 0.991966 0.001211 0.980586 0.124866 0.151193 0.149827 0.020313 -0.988503]
6d 1 [1  593.835 849.178 540.297 -178.8094 8.6176 -97.3953][-0.127261 0.991868 0.001323 0.980486 0.125599 0.151236 0.149840 0.020544 -0.988497]
6d 1 [1  593.873 848.999 540.362 -178.8241 8.6326 -97.4368][-0.127966 0.991778 0.000926 0.980355 0.126351 0.151460 0.150098 0.020290 -0.988463]
6d 1 [1  593.909 848.786 540.429 -178.8425 8.6452 -97.4869][-0.128819 0.991668 0.000446 0.980210 0.127262 0.151636 0.150316 0.019971 -0.988436]
6d 1 [1  593.979 848.544 540.510 -178.8942 8.6853 -97.5411][-0.129733 0.991549 -0.000683 0.979983 0.128324 0.152205 0.151007 0.019077 -0.988349]
6d 1 [1  594.064 848.301 540.586 -178.9717 8.7249 -97.6021][-0.130762 0.991411 -0.002275 0.979740 0.129573 0.152707 0.151690 0.017739 -0.988269]
6d 1 [1  594.250 847.875 540.735 -179.2038 8.8754 -97.6983][-0.132352 0.991179 -0.006895 0.979121 0.131819 0.154743 0.154287 0.013730 -0.987931]
6d 1 [1  594.450 847.470 540.880 -179.4487 9.0243 -97.7929][-0.133914 0.990923 -0.011734 0.978501 0.134091 0.156702 0.156853 0.009503 -0.987576]
6d 1 [1  594.640 847.095 541.001 -179.6647 9.2406 -97.8817][-0.135348 0.990665 -0.016223 0.977699 0.136194 0.159863 0.160581 0.005776 -0.987006]
6d 1 [1  594.845 846.776 541.150 -179.9001 9.4108 -97.9443][-0.136350 0.990441 -0.020872 0.977074 0.137928 0.162183 0.163511 0.001720 -0.986540]
6d 1 [1  595.052 846.499 541.311 179.8758 9.6015 -97.9808][-0.136896 0.990262 -0.025305 0.976442 0.139199 0.164878 0.166795 -0.002138 -0.985989]
6d 1 [1  595.224 846.272 541.480 179.6819 9.7630 -98.0035][-0.137217 0.990113 -0.029107 0.975918 0.140163 0.167147 0.169574 -0.005471 -0.985502]
6d 1 [1  595.296 846.162 541.631 179.5835 9.7809 -98.0329][-0.137711 0.989989 -0.030937 0.975795 0.140961 0.167194 0.169881 -0.007164 -0.985438]
6d 1 [1  595.376 846.094 541.770 179.5273 9.7114 -98.0092][-0.137336 0.990018 -0.031673 0.976055 0.140706 0.165885 0.168685 -0.008133 -0.985636]
6d 1 [1  595.342 846.028 541.912 179.3816 9.6777 -97.9525][-0.136383 0.990074 -0.033946 0.976289 0.140141 0.164987 0.168106 -0.010640 -0.985711]
6d 1 [1  595.176 845.964 542.116 179.1384 9.7491 -97.7867][-0.133529 0.990322 -0.037839 0.976471 0.137993 0.165716 0.169334 -0.014821 -0.985447]
6d 1 [1  595.211 845.950 542.175 179.1843 9.6351 -97.7530][-0.133000 0.990437 -0.036682 0.976881 0.137250 0.163906 0.167373 -0.014035 -0.985794]
6d 1 [1  595.134 845.960 542.263 179.1674 9.5237 -97.6945][-0.132045 0.990570 -0.036550 0.977337 0.136259 0.162004 0.165456 -0.014330 -0.986113]
6d 1 [1  595.118 846.003 542.325 179.2258 9.3603 -97.6827][-0.131906 0.990639 -0.035131 0.977828 0.135852 0.159361 0.162642 -0.013332 -0.986595]
6d 1 [1  595.044 846.068 542.413 179.1646 9.2639 -97.6481][-0.131353 0.990686 -0.035873 0.978177 0.135401 0.157593 0.160982 -0.014390 -0.986852]
6d 1 [1  594.986 846.157 542.491 179.1631 9.2039 -97.6444][-0.131312 0.990696 -0.035751 0.978353 0.135326 0.156566 0.159948 -0.014419 -0.987020]
6d 1 [1  594.976 846.291 542.529 179.3361 9.0771 -97.6496][-0.131447 0.990791 -0.032482 0.978689 0.134917 0.154807 0.157763 -0.011441 -0.987411]
6d 1 [1  594.970 846.471 542.589 179.4988 8.9047 -97.6675][-0.131816 0.990840 -0.029321 0.979114 0.134761 0.152235 0.154792 -0.008642 -0.987909]
6d 1 [1  594.966 846.627 542.657 179.6813 8.7931 -97.6617][-0.131757 0.990944 -0.025893 0.979424 0.134164 0.150758 0.152867 -0.005497 -0.988231]
6d 1 [1  595.097 846.803 542.669 179.9555 8.6195 -97.6489][-0.131599 0.991086 -0.020719 0.979908 0.133218 0.148434 0.149871 -0.000768 -0.988705]
6d 1 [1  595.269 846.984 542.713 -179.8770 8.5956 -97.5767][-0.130372 0.991309 -0.017578 0.980135 0.131534 0.148437 0.149459 0.002123 -0.988766]
6d 1 [1  595.522 847.169 542.705 -179.6688 8.5572 -97.4630][-0.128440 0.991624 -0.013595 0.980491 0.129031 0.148285 0.148797 0.005716 -0.988851]
6d 1 [1  595.798 847.337 542.708 -179.4663 8.5465 -97.3671][-0.126802 0.991879 -0.009818 0.980732 0.126848 0.148573 0.148612 0.009211 -0.988853]
6d 1 [1  596.219 847.537 542.710 -179.3470 8.5927 -97.2162][-0.124205 0.992229 -0.007460 0.980944 0.123917 0.149647 0.149409 0.011269 -0.988711]
6d 1 [1  596.720 847.703 542.673 -179.2606 8.7124 -96.9987][-0.120441 0.992704 -0.005646 0.981096 0.119896 0.151907 0.151476 0.012756 -0.988379]
6d 1 [1  597.499 847.923 542.580 -179.1767 8.8196 -96.7707][-0.116502 0.993183 -0.003807 0.981284 0.115696 0.153933 0.153324 0.014198 -0.988074]
6d 1 [1  598.552 848.197 542.467 -179.1923 8.8887 -96.5107][-0.112027 0.993699 -0.003512 0.981619 0.111213 0.155102 0.154515 0.013928 -0.987892]
6d 1 [1  599.603 848.443 542.316 -179.1045 8.9381 -96.4044][-0.110191 0.993909 -0.001798 0.981692 0.109119 0.156122 0.155367 0.015439 -0.987736]
6d 1 [1  600.834 848.645 542.118 -179.0541 9.0893 -96.3143][-0.108602 0.994085 -0.000963 0.981453 0.107376 0.158809 0.157973 0.016302 -0.987309]
6d 1 [1  602.387 848.908 541.959 -179.2271 9.3059 -96.1093][-0.105024 0.994462 -0.003796 0.981234 0.104247 0.162209 0.161706 0.013311 -0.986749]
6d 1 [1  604.086 849.163 541.731 -179.1814 9.5041 -96.1384][-0.105463 0.994417 -0.003449 0.980619 0.104574 0.165682 0.165117 0.014091 -0.986173]
6d 1 [1  605.987 849.452 541.562 -179.1372 9.7670 -96.2713][-0.107654 0.994182 -0.003562 0.979608 0.106686 0.170252 0.169641 0.014839 -0.985394]
6d 1 [1  608.222 849.750 541.397 -179.0800 10.0526 -96.4419][-0.110473 0.993872 -0.003626 0.978431 0.109396 0.175229 0.174551 0.015811 -0.984521]
6d 1 [1  610.624 849.993 541.243 -178.7779 10.4283 -96.7172][-0.115037 0.993361 0.000014 0.976731 0.113109 0.182216 0.181004 0.020975 -0.983259]
6d 1 [1  613.556 850.313 541.166 -178.2763 10.9681 -97.2974][-0.124699 0.992178 0.005680 0.973782 0.121285 0.192456 0.190262 0.029530 -0.981289]
6d 1 [1  616.319 850.564 541.144 -177.7418 11.5822 -97.8518][-0.133830 0.990936 0.011627 0.970453 0.128669 0.204119 0.200773 0.038601 -0.978877]
6d 1 [1  619.516 850.844 541.161 -176.9600 12.4089 -98.5080][-0.144491 0.989289 0.020703 0.965891 0.136469 0.220069 0.214887 0.051795 -0.975265]
6d 1 [1  622.863 851.078 541.211 -175.9729 13.1717 -99.2837][-0.157079 0.987047 0.032639 0.960938 0.145131 0.235659 0.227869 0.068381 -0.971288]
6d 1 [1  626.350 851.268 541.398 -174.9280 14.1085 -100.1253][-0.170498 0.984360 0.044346 0.954731 0.153898 0.254565 0.243758 0.085741 -0.966038]
6d 1 [1  629.958 851.366 541.562 -173.8130 15.0129 -100.9835][-0.184023 0.981283 0.056734 0.948175 0.162010 0.273345 0.259037 0.104095 -0.960242]
6d 1 [1  633.637 851.355 541.786 -172.5701 16.0135 -101.7960][-0.196496 0.977955 0.070661 0.940898 0.167793 0.294206 0.275864 0.124295 -0.953126]
6d 1 [1  637.394 851.208 542.142 -171.4375 17.0023 -102.5327][-0.207512 0.974739 0.082596 0.933507 0.172078 0.314570 0.292410 0.142381 -0.945634]
6d 1 [1  641.249 850.898 542.653 -170.4894 18.0685 -103.2175][-0.217373 0.971846 0.090911 0.925502 0.175617 0.335567 0.310154 0.157081 -0.937619]
6d 1 [1  645.145 850.484 543.200 -169.4958 19.1610 -103.9268][-0.227349 0.968740 0.099275 0.916833 0.178570 0.357114 0.328223 0.172208 -0.928770]
6d 1 [1  649.013 849.786 543.822 -168.6701 20.2957 -104.4200][-0.233567 0.966592 0.105573 0.908367 0.178178 0.378315 0.346866 0.184261 -0.919637]
6d 1 [1  653.059 849.001 544.579 -168.0099 21.3381 -104.7889][-0.237760 0.965074 0.110006 0.900593 0.176602 0.397169 0.363870 0.193502 -0.911129]
6d 1 [1  657.136 847.968 545.552 -167.6090 22.4200 -105.1046][-0.240885 0.964289 0.110099 0.892476 0.175499 0.415556 0.381393 0.198362 -0.902880]
6d 1 [1  661.247 846.770 546.559 -167.1848 23.4984 -105.2699][-0.241526 0.963958 0.111581 0.884695 0.171490 0.433482 0.398723 0.203413 -0.894228]
6d 1 [1  665.413 845.400 547.709 -166.6557 24.6756 -105.5079][-0.242956 0.963340 0.113792 0.875604 0.167304 0.453129 0.417480 0.209727 -0.884152]
6d 1 [1  669.597 843.824 549.032 -166.4204 25.7984 -105.6453][-0.242802 0.963587 0.112012 0.866974 0.163743 0.470685 0.435205 0.211395 -0.875162]
6d 1 [1  673.758 841.998 550.591 -166.3607 26.6588 -105.7474][-0.242545 0.964040 0.108623 0.860152 0.161912 0.483657 0.448677 0.210741 -0.868491]
6d 1 [1  677.984 840.038 552.240 -166.0814 27.6659 -106.0029][-0.244167 0.963815 0.106975 0.851349 0.160232 0.499531 0.464314 0.213042 -0.859666]
6d 1 [1  682.161 837.939 554.117 -165.7398 28.4642 -106.5140][-0.249888 0.962580 0.104864 0.842852 0.162932 0.512888 0.476609 0.216550 -0.852027]
6d 1 [1  686.324 835.477 556.082 -165.4316 29.3156 -106.9849][-0.254710 0.961609 0.102135 0.833904 0.164943 0.526687 0.489620 0.219323 -0.843902]
6d 1 [1  690.438 832.773 558.216 -165.1270 29.9627 -107.6045][-0.262023 0.960005 0.098665 0.825777 0.170122 0.537728 0.499437 0.222373 -0.837325]
6d 1 [1  694.498 829.798 560.359 -164.6061 30.6823 -108.4264][-0.271838 0.957509 0.096339 0.815917 0.176237 0.550654 0.510277 0.228293 -0.829156]
6d 1 [1  698.469 826.659 562.688 -164.2431 31.3427 -109.3295][-0.282698 0.954926 0.090548 0.805928 0.185272 0.562276 0.520156 0.231929 -0.821977]
6d 1 [1  702.337 823.336 565.198 -163.8506 32.3041 -110.4855][-0.295803 0.951817 0.080905 0.791772 0.196917 0.578205 0.534413 0.235093 -0.811870]
6d 1 [1  706.179 819.724 567.256 -163.4942 32.6079 -111.3561][-0.306763 0.948711 0.076447 0.784536 0.206565 0.584666 0.538887 0.239330 -0.807664]
6d 1 [1  710.123 815.995 569.674 -163.1295 32.9661 -112.2632][-0.317862 0.945453 0.071294 0.776449 0.216412 0.591856 0.544143 0.243484 -0.802885]
6d 1 [1  713.923 811.952 572.231 -163.0747 33.2188 -113.0873][-0.328052 0.942604 0.062289 0.769582 0.228432 0.596291 0.547837 0.243551 -0.800348]
6d 1 [1  717.389 807.567 574.990 -163.3878 33.8586 -113.6947][-0.333713 0.941490 0.047240 0.760411 0.239235 0.603773 0.557145 0.237409 -0.795755]
6d 1 [1  720.675 802.889 577.862 -164.1869 34.8922 -113.8621][-0.331813 0.942971 0.026557 0.750118 0.246672 0.613577 0.572034 0.223513 -0.789189]
6d 1 [1  723.646 797.987 580.916 -165.2014 36.2775 -113.9333][-0.327038 0.945010 0.001388 0.736846 0.254079 0.626500 0.591696 0.205912 -0.779420]
6d 1 [1  726.350 792.878 584.188 -166.5532 37.7770 -113.7413][-0.318221 0.947632 -0.027009 0.723511 0.261173 0.639000 0.612590 0.183802 -0.768733]
6d 1 [1  728.942 787.677 587.541 -167.7335 38.9366 -113.5749][-0.311096 0.949015 -0.050887 0.712921 0.268440 0.647830 0.628460 0.165259 -0.760084]
6d 1 [1  731.371 782.315 590.810 -168.7918 39.6629 -113.3855][-0.305551 0.949592 -0.070098 0.706577 0.275472 0.651815 0.638269 0.149633 -0.755131]
6d 1 [1  733.617 776.865 594.285 -169.8862 40.4243 -113.1676][-0.299498 0.949871 -0.089705 0.699874 0.282622 0.655973 0.648442 0.133681 -0.749434]
6d 1 [1  735.613 771.342 597.981 -170.8996 41.1685 -113.0558][-0.294808 0.949317 -0.109023 0.692647 0.290898 0.660013 0.658276 0.119063 -0.743301]
6d 1 [1  737.485 765.678 601.703 -172.1380 41.8962 -112.7041][-0.287301 0.949095 -0.129136 0.686676 0.298079 0.663042 0.667783 0.101818 -0.737359]
6d 1 [1  739.203 759.979 605.466 -173.0593 42.4934 -112.3672][-0.280594 0.949051 -0.143422 0.681880 0.302264 0.666091 0.675505 0.089104 -0.731952]
6d 1 [1  740.727 754.148 609.362 -174.3195 42.7120 -111.7553][-0.272338 0.949100 -0.158246 0.682438 0.306464 0.663595 0.678314 0.072729 -0.731164]
6d 1 [1  742.209 748.167 613.390 -175.3434 43.0943 -111.3165][-0.265452 0.948674 -0.171908 0.680273 0.310649 0.663872 0.683201 0.059282 -0.727820]
6d 1 [1  743.437 742.278 617.554 -176.2706 43.6301 -111.0087][-0.259493 0.947639 -0.186127 0.675695 0.315853 0.666088 0.690000 0.047080 -0.722276]
6d 1 [1  744.494 736.441 621.864 -177.0738 44.3345 -110.6770][-0.252562 0.946963 -0.198679 0.669198 0.319261 0.671004 0.698847 0.036515 -0.714339]
6d 1 [1  745.424 730.625 626.301 -177.6219 45.0557 -110.3895][-0.246117 0.946771 -0.207489 0.662159 0.320571 0.677333 0.707794 0.029313 -0.705811]
6d 1 [1  746.162 724.751 630.797 -178.1617 45.8947 -110.0977][-0.239154 0.946540 -0.216489 0.653600 0.321813 0.685014 0.718062 0.022327 -0.695621]
6d 1 [1  746.606 718.816 635.399 -178.7170 46.8466 -109.8303][-0.232022 0.946006 -0.226357 0.643396 0.323786 0.693689 0.729525 0.015314 -0.683782]
6d 1 [1  746.795 712.763 640.021 -179.3030 47.6107 -109.3953][-0.223879 0.946164 -0.233779 0.635906 0.323585 0.700655 0.738581 0.008200 -0.674114]
6d 1 [1  746.761 706.695 644.660 -179.8317 48.2534 -109.0748][-0.217597 0.945805 -0.241048 0.629278 0.324729 0.706088 0.746097 0.001956 -0.665834]
6d 1 [1  746.452 700.648 649.357 179.7877 48.9202 -108.9291][-0.213165 0.945008 -0.248032 0.621574 0.327037 0.711824 0.753795 -0.002434 -0.657105]
6d 1 [1  745.713 694.485 654.052 179.2905 49.6611 -108.7495][-0.208065 0.943826 -0.256712 0.612957 0.330345 0.717744 0.762229 -0.008016 -0.647258]
6d 1 [1  744.662 688.301 658.760 178.9758 50.3066 -108.7080][-0.204853 0.942603 -0.263695 0.604935 0.333721 0.722969 0.769473 -0.011416 -0.638577]
6d 1 [1  743.269 682.045 663.516 178.5437 50.8463 -108.5387][-0.200752 0.941537 -0.270568 0.598638 0.336527 0.726898 0.775455 -0.016046 -0.631199]
6d 1 [1  741.509 675.704 668.331 178.1189 51.2896 -108.2835][-0.196195 0.940968 -0.275837 0.593812 0.337871 0.730226 0.780317 -0.020528 -0.625047]
6d 1 [1  739.358 669.279 673.202 177.4525 51.8441 -107.7009][-0.187842 0.941089 -0.281190 0.588554 0.337043 0.734851 0.786333 -0.027460 -0.617193]
6d 1 [1  736.842 662.714 678.091 176.7102 52.2967 -106.9622][-0.178421 0.941675 -0.285331 0.584967 0.334688 0.738781 0.791189 -0.035096 -0.610565]
6d 1 [1  734.082 656.055 682.996 175.4887 52.6524 -105.6954][-0.164113 0.942815 -0.290115 0.584030 0.329883 0.741678 0.794969 -0.047717 -0.604770]
6d 1 [1  731.037 649.318 687.905 173.8708 53.0892 -104.0395][-0.145694 0.943873 -0.296441 0.582631 0.324025 0.745351 0.799571 -0.064123 -0.597138]
6d 1 [1  727.732 642.522 692.787 171.8496 53.3697 -101.9987][-0.124037 0.944620 -0.303821 0.583614 0.317076 0.747568 0.802502 -0.084588 -0.590623]
6d 1 [1  724.231 635.704 697.618 169.5226 53.3793 -99.7687][-0.101211 0.944306 -0.313119 0.587865 0.310677 0.746923 0.802603 -0.108475 -0.586568]
6d 1 [1  720.548 628.876 702.421 166.9172 53.2710 -97.3610][-0.076620 0.942773 -0.324512 0.593102 0.304720 0.745236 0.801473 -0.135369 -0.582508]
6d 1 [1  716.659 622.162 707.252 163.9917 52.9507 -94.9252][-0.051728 0.938776 -0.340623 0.600278 0.301814 0.740658 0.798117 -0.166156 -0.579139]
6d 1 [1  712.578 615.607 712.102 160.7073 52.5333 -92.4086][-0.025564 0.931989 -0.361585 0.607763 0.301670 0.734588 0.793707 -0.200979 -0.574140]
6d 1 [1  708.314 609.024 716.948 158.0225 52.1478 -90.6220][-0.006661 0.924069 -0.382168 0.613591 0.305549 0.728111 0.789596 -0.229645 -0.569036]
6d 1 [1  703.985 602.632 721.824 155.4771 51.7644 -89.1824][0.008832 0.914355 -0.404818 0.618833 0.313001 0.720470 0.785473 -0.256877 -0.563068]
6d 1 [1  699.518 596.384 726.682 153.0479 51.2901 -87.9819][0.022023 0.903288 -0.428470 0.624990 0.322068 0.711098 0.780322 -0.283449 -0.557453]
6d 1 [1  694.890 590.353 731.550 150.5919 50.6618 -86.8789][0.034514 0.890529 -0.453615 0.632957 0.331775 0.699494 0.773417 -0.311261 -0.552216]
6d 1 [1  690.023 584.465 736.310 148.2416 50.0032 -85.7433][0.047708 0.877858 -0.476538 0.640972 0.338994 0.688650 0.766080 -0.338302 -0.546510]
6d 1 [1  684.960 578.828 741.121 145.6263 49.2116 -84.4610][0.063056 0.862780 -0.501633 0.650216 0.345801 0.676491 0.757128 -0.368826 -0.539189]
6d 1 [1  679.733 573.390 745.930 142.5304 48.7450 -82.5883][0.085063 0.846041 -0.526288 0.653902 0.351136 0.670161 0.751783 -0.401146 -0.523359]
6d 1 [1  674.512 568.604 749.974 139.5649 48.0171 -81.0130][0.104490 0.827109 -0.552242 0.660698 0.357307 0.660160 0.743344 -0.433846 -0.509134]
6d 1 [1  669.342 564.695 753.046 137.3427 47.1940 -80.2268][0.115347 0.809135 -0.576190 0.669656 0.365085 0.646741 0.733659 -0.460449 -0.499731]
6d 1 [1  664.070 562.147 754.715 137.4056 46.7355 -81.1099][0.105917 0.803484 -0.585829 0.677134 0.373160 0.634225 0.728198 -0.463860 -0.504542]
6d 1 [1  659.317 561.092 755.873 140.7855 47.1103 -84.1935][0.068854 0.817672 -0.571552 0.677098 0.382448 0.628707 0.732665 -0.430286 -0.527311]
6d 1 [1  654.380 560.720 757.253 146.8453 47.5314 -88.9988][0.011798 0.844118 -0.536028 0.675083 0.388730 0.627018 0.737647 -0.369261 -0.565264]
6d 1 [1  649.439 561.192 758.819 154.8296 47.8137 -94.5127][-0.052837 0.877446 -0.476757 0.669462 0.385373 0.635065 0.740965 -0.285616 -0.607779]
6d 1 [1  644.521 562.433 760.604 165.2890 47.9973 -101.1029][-0.128862 0.912776 -0.387601 0.656641 0.371435 0.656398 0.743113 -0.169930 -0.647230]
6d 1 [1  639.349 563.907 762.709 176.5939 47.4190 -107.9524][-0.208556 0.936149 -0.283072 0.643689 0.349298 0.680923 0.736322 -0.040200 -0.675437]
6d 1 [1  634.134 565.384 765.176 -171.8168 46.1503 -114.4649][-0.286900 0.943458 -0.166058 0.630570 0.316486 0.708674 0.721159 0.098608 -0.685716]
6d 1 [1  629.042 566.458 767.749 -161.3725 44.1959 -119.7932][-0.356237 0.933001 -0.051035 0.622196 0.277606 0.731989 0.697114 0.229008 -0.679403]
6d 1 [1  624.536 566.455 770.493 -153.3850 41.8879 -123.1904][-0.407530 0.911922 0.048135 0.622999 0.239100 0.744784 0.667676 0.333510 -0.665567]
6d 1 [1  620.085 565.736 773.130 -148.0197 39.8324 -125.2719][-0.443442 0.888415 0.118649 0.626947 0.212847 0.749422 0.640544 0.406712 -0.651374]
6d 1 [1  615.924 564.452 775.670 -144.8238 38.1963 -126.5516][-0.468038 0.868774 0.161775 0.631327 0.200623 0.749117 0.618358 0.452749 -0.642380]
6d 1 [1  612.121 562.757 778.213 -143.2918 36.8374 -127.1196][-0.482990 0.855521 0.186560 0.638173 0.198047 0.743984 0.599546 0.478395 -0.641625]
6d 1 [1  608.355 561.180 780.720 -141.4840 35.5732 -127.8476][-0.499056 0.840122 0.212459 0.642276 0.194008 0.741514 0.581743 0.506514 -0.636411]
6d 1 [1  604.513 558.993 783.191 -141.7231 34.6775 -127.2246][-0.497484 0.838302 0.223066 0.654827 0.194251 0.730389 0.568956 0.509427 -0.645580]
6d 1 [1  600.724 556.670 785.697 -143.2667 33.9701 -125.6889][-0.483817 0.845878 0.224525 0.673579 0.196113 0.712623 0.558760 0.496014 -0.664648]
6d 1 [1  596.973 554.402 788.098 -146.1183 32.9020 -123.0338][-0.457695 0.861070 0.221527 0.703878 0.198692 0.681966 0.543204 0.468060 -0.697029]
6d 1 [1  593.469 552.436 790.407 -147.8343 32.4776 -121.6400][-0.442537 0.870647 0.214789 0.718209 0.200689 0.666258 0.536970 0.449108 -0.714119]
6d 1 [1  590.115 550.444 792.701 -149.9405 32.5039 -119.9529][-0.421077 0.884295 0.201785 0.730713 0.198926 0.653060 0.537357 0.422435 -0.729928]
6d 1 [1  587.141 548.344 795.153 -151.9720 32.7817 -118.1887][-0.397146 0.898209 0.188404 0.741025 0.192727 0.643225 0.541439 0.395066 -0.742136]
6d 1 [1  584.486 546.090 797.913 -154.5963 33.5609 -116.5151][-0.372012 0.914170 0.160936 0.745649 0.191054 0.638361 0.552823 0.357480 -0.752725]
6d 1 [1  582.427 543.433 800.917 -158.2568 35.0034 -114.6942][-0.342207 0.932687 0.113973 0.744210 0.194987 0.638852 0.573625 0.303439 -0.760841]
6d 1 [1  581.125 540.284 804.290 -163.2645 37.3866 -112.6351][-0.305794 0.951172 0.041987 0.733355 0.207185 0.647506 0.607191 0.228795 -0.760902]
6d 1 [1  580.102 536.714 807.694 -168.9027 39.8906 -110.3852][-0.267263 0.962842 -0.038794 0.719218 0.226109 0.656963 0.641323 0.147681 -0.752924]
6d 1 [1  579.412 532.696 811.371 -175.4050 42.5305 -107.5141][-0.221768 0.966875 -0.126378 0.702756 0.248329 0.666683 0.675983 0.059036 -0.734549]
6d 1 [1  579.018 528.444 814.831 177.5988 45.2262 -104.0952][-0.171523 0.961798 -0.213366 0.683105 0.272167 0.677711 0.709892 -0.029508 -0.703692]
6d 1 [1  578.661 524.115 818.148 170.4296 47.3660 -100.2770][-0.120837 0.948440 -0.293018 0.666447 0.296277 0.684156 0.735695 -0.112609 -0.667886]
6d 1 [1  578.367 519.838 821.269 162.8141 48.6658 -95.9143][-0.068054 0.927405 -0.367817 0.656935 0.319122 0.683080 0.750870 -0.195145 -0.630962]
6d 1 [1  578.126 515.818 824.535 155.1628 49.0840 -91.4258][-0.016297 0.899326 -0.436975 0.654749 0.339896 0.675111 0.755671 -0.275107 -0.594372]
6d 1 [1  577.981 512.233 828.297 147.6787 48.2132 -86.3798][0.042076 0.868549 -0.493814 0.665031 0.344509 0.662607 0.745630 -0.356281 -0.563117]
6d 1 [1  577.693 509.054 831.965 140.8504 47.1035 -81.3630][0.102220 0.836164 -0.538870 0.672956 0.340810 0.656489 0.732585 -0.429742 -0.527864]
6d 1 [1  577.213 506.773 835.724 136.5032 45.4287 -77.5645][0.151125 0.813984 -0.560884 0.685331 0.322625 0.652866 0.712378 -0.483056 -0.509092]
6d 1 [1  576.952 504.126 839.785 131.8642 44.1897 -73.4541][0.204200 0.787565 -0.581416 0.687345 0.307553 0.658004 0.697037 -0.533997 -0.478526]
6d 1 [1  576.460 501.870 843.724 128.2320 42.9071 -69.9818][0.250735 0.764526 -0.593828 0.688206 0.290632 0.664760 0.680811 -0.575355 -0.453280]
6d 1 [1  575.657 500.244 847.458 125.9584 41.8984 -67.3829][0.286248 0.749922 -0.596389 0.687088 0.273165 0.673268 0.667811 -0.602493 -0.437069]
6d 1 [1  574.825 498.919 851.172 124.4613 41.1876 -65.3879][0.313420 0.740569 -0.594411 0.684186 0.257971 0.682159 0.658527 -0.620490 -0.425834]
6d 1 [1  573.751 498.100 854.655 123.8891 41.0544 -64.1538][0.328749 0.739495 -0.587428 0.678654 0.247579 0.691472 0.656775 -0.625981 -0.420469]
6d 1 [1  572.281 497.665 857.720 124.8613 41.9181 -64.3283][0.322355 0.752648 -0.574115 0.670651 0.246444 0.699638 0.668068 -0.610562 -0.425322]
6d 1 [1  570.734 497.395 860.509 126.4037 43.1786 -65.0508][0.307598 0.770401 -0.558450 0.661175 0.249013 0.707701 0.684275 -0.586920 -0.432774]
6d 1 [1  569.112 497.309 863.019 128.6048 44.6908 -66.5328][0.283103 0.791198 -0.542087 0.652112 0.255663 0.713714 0.703280 -0.555555 -0.443571]
6d 1 [1  567.511 497.357 865.313 131.4364 46.2440 -68.5568][0.252830 0.813939 -0.523049 0.643718 0.262077 0.718988 0.722291 -0.518478 -0.457686]
6d 1 [1  565.449 497.453 867.060 135.0281 47.9089 -70.9421][0.218873 0.839930 -0.496600 0.633571 0.264725 0.726986 0.742080 -0.473749 -0.474214]
6d 1 [1  563.342 497.680 868.571 138.8182 49.3468 -73.0249][0.190203 0.865679 -0.463059 0.623095 0.258047 0.738352 0.758667 -0.428967 -0.490319]
6d 1 [1  561.109 498.046 869.717 142.2176 50.6125 -74.1281][0.173544 0.889711 -0.422251 0.610370 0.239310 0.755102 0.772872 -0.388773 -0.501522]
6d 1 [1  558.812 498.578 870.444 144.9373 51.7405 -73.7282][0.173503 0.912128 -0.371375 0.594420 0.203669 0.777936 0.785215 -0.355727 -0.506849]
6d 1 [1  556.393 499.155 871.032 147.5546 52.7390 -72.4525][0.182540 0.933370 -0.309031 0.577274 0.152686 0.802148 0.795886 -0.324820 -0.510939]
6d 1 [1  554.142 499.916 871.658 150.7832 53.9640 -71.3434][0.188192 0.953184 -0.236695 0.557381 0.094775 0.824830 0.808647 -0.287156 -0.513450]
6d 1 [1  551.911 500.696 872.247 153.8628 55.2741 -69.6677][0.197933 0.967609 -0.156700 0.534158 0.027567 0.844935 0.821887 -0.250944 -0.511399]
6d 1 [1  549.699 501.526 873.039 156.3780 56.8501 -67.5570][0.208761 0.974891 -0.077504 0.505415 -0.039702 0.861963 0.837243 -0.219116 -0.501012]
6d 1 [1  547.510 502.485 873.911 159.0995 58.5253 -65.8525][0.213594 0.976922 0.000412 0.476434 -0.104536 0.872974 0.852871 -0.186265 -0.487767]
6d 1 [1  545.380 503.447 875.106 161.7499 60.3219 -64.4749][0.213353 0.974248 0.072949 0.446800 -0.163702 0.879529 0.868821 -0.155057 -0.470220]
6d 1 [1  543.304 504.231 876.444 163.3740 62.5132 -62.9927][0.209589 0.968963 0.131081 0.411212 -0.208975 0.887262 0.887117 -0.132058 -0.442248]
6d 1 [1  541.245 504.885 877.979 165.3229 64.7447 -62.6088][0.196287 0.964339 0.177546 0.378818 -0.241589 0.893382 0.904416 -0.108101 -0.412730]
6d 1 [1  539.088 505.356 879.626 167.1456 67.0244 -62.9142][0.177731 0.961275 0.210623 0.347530 -0.261551 0.900452 0.920671 -0.086841 -0.380557]
6d 1 [1  536.962 505.498 881.359 169.8110 69.0683 -65.3011][0.149278 0.963226 0.223407 0.324571 -0.261153 0.909094 0.934007 -0.063197 -0.351620]
6d 1 [1  534.800 505.499 883.197 172.2475 70.6845 -67.8526][0.124697 0.965743 0.227577 0.306364 -0.255636 0.916947 0.943712 -0.044619 -0.327746]
6d 1 [1  532.714 505.055 885.201 173.9321 72.0952 -70.4101][0.103079 0.970564 0.217672 0.289640 -0.238643 0.926908 0.951569 -0.032498 -0.305713]
6d 1 [1  530.498 503.960 887.079 174.6079 72.9962 -72.0567][0.090092 0.974837 0.203904 0.278212 -0.221220 0.934698 0.956285 -0.027480 -0.291141]
6d 1 [1  528.350 502.198 889.106 173.4804 73.5975 -71.8547][0.087942 0.978046 0.188925 0.268341 -0.205909 0.941061 0.959302 -0.032063 -0.280557]
6d 1 [1  525.725 499.687 891.049 168.5047 73.7945 -67.7113][0.105849 0.979306 0.172501 0.258231 -0.194595 0.946282 0.960267 -0.055618 -0.273485]
6d 1 [1  522.876 496.843 892.977 161.4922 73.7572 -61.4003][0.133893 0.978463 0.157110 0.245580 -0.186353 0.951296 0.960085 -0.088789 -0.265242]
6d 1 [1  519.820 493.393 895.020 151.7582 73.0486 -52.0456][0.179319 0.973022 0.145166 0.229895 -0.184918 0.955486 0.956553 -0.137964 -0.256852]
6d 1 [1  516.405 489.778 896.926 142.4033 71.8072 -42.8613][0.228854 0.963809 0.136737 0.212377 -0.186515 0.959223 0.950011 -0.190482 -0.247376]
6d 1 [1  512.649 485.988 898.702 133.6613 69.6433 -33.6845][0.289458 0.947282 0.137370 0.192932 -0.198308 0.960964 0.937545 -0.251656 -0.240163]
6d 1 [1  508.549 482.251 900.337 126.4890 66.8922 -25.9644][0.352850 0.925183 0.139762 0.171825 -0.210898 0.962288 0.919768 -0.315529 -0.233385]
6d 1 [1  504.220 478.582 901.806 121.3149 63.8383 -20.2509][0.413652 0.899301 0.141951 0.152612 -0.222200 0.962983 0.897553 -0.376677 -0.229157]
6d 1 [1  499.860 475.212 903.088 117.0909 61.1014 -15.3795][0.465956 0.872291 0.148305 0.128166 -0.232385 0.964143 0.875476 -0.430240 -0.220079]
6d 1 [1  495.632 472.478 904.209 114.4720 58.9729 -11.8103][0.504532 0.848215 0.161180 0.105497 -0.245847 0.963551 0.856923 -0.469138 -0.213521]
6d 1 [1  491.571 470.396 905.148 112.8582 57.7617 -9.4394][0.526218 0.832567 0.172992 0.087487 -0.255364 0.962879 0.845837 -0.491550 -0.207216]
6d 1 [1  487.754 469.099 906.061 111.7453 57.4325 -7.8305][0.533273 0.825964 0.182766 0.073339 -0.260377 0.962718 0.842758 -0.499987 -0.199427]
6d 1 [1  484.362 469.069 906.823 110.9697 58.5526 -6.7512][0.518098 0.833164 0.193420 0.061332 -0.261744 0.963187 0.853119 -0.487162 -0.186709]
6d 1 [1  481.256 469.622 907.430 111.4685 60.4221 -7.1842][0.489731 0.848762 0.199415 0.061730 -0.261901 0.963118 0.869685 -0.459359 -0.180655]
6d 1 [1  478.343 470.543 907.980 112.7710 62.5684 -8.5610][0.455557 0.866882 0.202442 0.068579 -0.260910 0.962924 0.887561 -0.424783 -0.178309]
6d 1 [1  475.847 471.988 908.416 115.7926 65.3634 -11.8390][0.407995 0.890273 0.202370 0.085524 -0.257952 0.962365 0.908970 -0.375332 -0.181383]
6d 1 [1  473.621 473.459 908.946 120.8297 67.7813 -16.9805][0.361658 0.909948 0.202972 0.110436 -0.257988 0.959816 0.925747 -0.324710 -0.193794]
6d 1 [1  471.337 474.635 909.576 126.0441 69.3231 -22.0226][0.327335 0.921922 0.207150 0.132402 -0.261816 0.955993 0.935586 -0.285503 -0.207766]
6d 1 [1  469.191 475.315 910.431 130.5954 70.1199 -26.0272][0.305566 0.927187 0.216687 0.149214 -0.271388 0.950833 0.940407 -0.258209 -0.221277]
6d 1 [1  466.983 475.682 911.370 134.5870 70.3214 -29.3337][0.293567 0.928511 0.227344 0.164969 -0.283463 0.944687 0.941596 -0.239824 -0.236391]
6d 1 [1  464.619 475.486 912.480 137.1281 69.7242 -31.2172][0.296364 0.925635 0.235306 0.179606 -0.295993 0.938152 0.938035 -0.235772 -0.253971]
6d 1 [1  462.258 474.941 913.758 138.0041 68.6515 -31.3468][0.310902 0.918828 0.243094 0.189380 -0.310529 0.931508 0.931383 -0.243571 -0.270552]
6d 1 [1  459.767 474.044 915.224 137.4937 67.2449 -30.0287][0.334875 0.908370 0.250445 0.193564 -0.326440 0.925186 0.922167 -0.261345 -0.285145]
6d 1 [1  457.258 473.072 916.809 136.9857 65.8534 -28.6967][0.358829 0.897127 0.257692 0.196426 -0.342473 0.918765 0.912501 -0.279062 -0.299108]
6d 1 [1  454.640 472.026 918.488 135.7593 64.4712 -26.5680][0.385457 0.883504 0.266164 0.192754 -0.359187 0.913143 0.902369 -0.300673 -0.308750]
6d 1 [1  451.845 470.892 920.285 134.0313 63.2671 -23.9086][0.411233 0.868705 0.276113 0.182308 -0.375175 0.908850 0.893113 -0.323412 -0.312656]
6d 1 [1  448.911 469.801 922.169 132.4286 62.1195 -21.2703][0.435775 0.852746 0.287968 0.169641 -0.392027 0.904177 0.883924 -0.345166 -0.315496]
6d 1 [1  445.833 468.683 924.070 130.1732 60.9053 -17.8304][0.462898 0.833141 0.302656 0.148892 -0.409669 0.900001 0.873817 -0.371546 -0.313683]
6d 1 [1  442.644 467.648 925.846 127.9824 59.7408 -14.5495][0.487752 0.813582 0.316517 0.126591 -0.424653 0.896462 0.863755 -0.397183 -0.310118]
6d 1 [1  439.242 466.699 927.507 125.7056 58.5311 -11.1137][0.512246 0.792105 0.331925 0.100625 -0.439173 0.892749 0.852924 -0.423907 -0.304670]
